9411
0.962617
1	1	2	1	1	11110111010111	00011001011110	00100111100101	0	1
1	2	3	1	2	01111100110010	10010101110100	11101100000001	0	0
1	3	1	1	3	01101100111001	00000000000000	00111000110101	0	1
1	4	3	1	4	10001001110010	11100111000001	10100000001001	0	0
1	5	1	2	1	01110101100001	10000000000000	11110100110010	0	1
1	6	3	2	2	01110101101011	10001110111000	11011111010001	0	0
1	7	2	2	3	01010100011111	01110101110100	00101100011001	0	0
1	8	2	2	4	11011011100001	00001111101000	10000100101000	0	1
1	9	2	3	1	00100111101010	01010000100000	00101010110111	0	0
1	10	1	3	2	10111000110101	01000000000000	10111000111101	0	0
1	11	2	3	3	10110010101101	00110100010111	00110000001101	0	0
1	12	1	3	4	00011101000110	11000000000000	10101000101000	0	0
1	13	2	4	1	10110010001000	10010101101110	10101100100010	0	0
1	14	2	4	2	01111010111010	10111101101100	11101011101101	0	0
1	15	2	4	3	01010000110100	10010010011101	00011110011011	0	0
1	16	2	4	4	11001011101011	01010010011101	11011111101101	0	0
1	17	2	5	1	11110110010101	11010000011110	00010000000111	0	0
1	18	2	5	2	01000100101111	10111011011011	11100010100101	0	0
1	19	2	5	3	01111100101001	11001111010001	10010100000100	0	0
1	20	3	5	4	00100101101001	01011101111010	10101101101111	0	0
2	1	2	1	1	10101110001011	10100100110111	00010000001101	0	0
2	2	1	1	2	10011110100101	00000000000000	11011101111101	0	1
2	3	2	1	3	01000110011100	00010111010100	11101011001101	0	0
2	4	3	1	4	10011011101011	10001110001010	10011110001001	0	1
2	5	2	2	1	10100010000000	10101111001110	00110101011000	0	0
2	6	2	2	2	01000011000111	01111111111101	11100101010001	0	1
2	7	1	2	3	00100110110111	10000000000000	11000011110010	0	0
2	8	3	2	4	00111001101100	11100100110000	00110101011011	0	0
2	9	1	3	1	10000110011000	01000000000000	00100101100101	0	0
2	10	2	3	2	01101010100101	01010101010101	01010000011111	0	0
2	11	3	3	3	00011100001010	01011001010101	01010001110011	0	0
2	12	2	3	4	10010011100011	11010110100010	11000110001100	0	0
2	13	2	4	1	01101000011000	00111101001001	10111011111100	0	0
2	14	2	4	2	00011111101110	10101010011110	11111000100000	0	0
2	15	3	4	3	00110001000101	01011001111100	01101110010100	0	0
2	16	2	4	4	01000000111111	01110011001000	00100101100111	0	1
2	17	1	5	1	00000011001110	11000000000000	10101111110111	0	0
2	18	2	5	2	01111000001001	00110010101011	11111101111111	0	0
2	19	2	5	3	01011000111001	01010101110111	00100110001101	0	0
2	20	2	5	4	10010110011100	11000100000010	11100010000111	0	0
3	1	2	1	1	00011100111111	10100000100001	11000010000001	0	1
3	2	2	1	2	00011111101110	00001100101110	10110000100101	0	0
3	3	2	1	3	00111000110101	10001010110111	00111111010110	0	1
3	4	2	1	4	11100100101111	00111011000010	11110110111001	0	0
3	5	1	2	1	00001000001100	00000000000000	01000101000111	0	0
3	6	2	2	2	00010001101110	00011010000101	10001111100001	0	0
3	7	1	2	3	10110011011101	10000000000000	10101011110111	0	1
3	8	1	2	4	10111100111001	01000000000000	01110100100001	0	0
3	9	1	3	1	10110110010110	11000000000000	00101010000001	0	0
3	10	3	3	2	11111001100011	01000111101001	10001111111110	0	0
3	11	2	3	3	10000111111100	11011011101101	00000010101001	0	0
3	12	3	3	4	10010011110101	10000001011110	01110011110111	0	0
3	13	2	4	1	11011111100101	10101011010110	00000001111111	0	0
3	14	3	4	2	01010000000000	10110100001110	00000001001100	0	0
3	15	2	4	3	10100100111000	01000100011101	10101111110100	0	0
3	16	2	4	4	11101100111110	01111110000010	00010010110010	0	0
3	17	2	5	1	10110011110100	01111010010101	01111001001110	0	0
3	18	2	5	2	00111110011000	01010101111001	11001111011010	0	1
3	19	2	5	3	10101110101100	11100010111101	00010011111101	0	0
3	20	3	5	4	00010001011000	11100001001100	10100010001010	0	0
4	1	2	1	1	00110010111110	10101100011110	11000110110110	0	0
4	2	2	1	2	11011010000010	01000011000111	11000100111010	0	0
4	3	3	1	3	10011100101000	10011101101010	10100110101111	0	0
4	4	1	1	4	10101110011100	00000000000000	01010000101100	0	0
4	5	2	2	1	01111010001101	10111001011000	11111001010011	0	0
4	6	3	2	2	10000001000100	11000111111000	01110101011010	0	1
4	7	2	2	3	00110110100110	11110100101010	01111111011000	0	0
4	8	2	2	4	01010100000111	01001010000000	01000100110100	0	0
4	9	2	3	1	01100000001110	01011110100111	01010001011010	0	0
4	10	2	3	2	00111000000101	00010100100110	10110011100001	0	0
4	11	2	3	3	01110011001100	01001110011001	11100101100000	0	0
4	12	2	3	4	11010011011000	11010000011000	10010110000001	0	0
4	13	2	4	1	11110010001011	01101101001011	10111110001110	0	0
4	14	1	4	2	00101101011000	10000000000000	10100001001110	0	0
4	15	1	4	3	10001001000110	01000000000000	10001110010001	0	1
4	16	2	4	4	10110110000111	00101011000110	11001010001110	0	1
4	17	3	5	1	11011110110101	10011011100110	00110011111010	0	1
4	18	1	5	2	01011010011000	11000000000000	10000110101010	0	0
4	19	2	5	3	11111100100010	11101111010110	11110010000001	0	0
4	20	3	5	4	11010111001100	01100011110110	10000000110111	0	0
5	1	1	1	1	01100011000100	00000000000000	10100110100111	0	0
5	2	2	1	2	10100010101011	11100111010110	01001100001010	0	0
5	3	2	1	3	01111011110001	01111111011001	10101110010000	0	1
5	4	2	1	4	10101111110010	01100010111011	00001010110010	0	0
5	5	2	2	1	00011011100100	00010010101110	10000010111110	0	0
5	6	2	2	2	11011101011010	11110001011010	10101000011101	0	0
5	7	3	2	3	10010110110111	01011011110101	11010100101010	0	0
5	8	3	2	4	10101100010010	01110000011000	01111001000001	0	0
5	9	2	3	1	11110010011000	10000000100010	11100010101110	0	0
5	10	2	3	2	10111001011001	01010100001011	00000101001001	0	0
5	11	2	3	3	10101010010000	01010001101010	01010011000110	0	0
5	12	3	3	4	00010011011001	01010011011110	01010011111111	0	0
5	13	2	4	1	11111011001001	11100111111111	11100000011111	0	1
5	14	2	4	2	00011001000100	10011010111000	10110000000000	0	1
5	15	1	4	3	11100101011011	10000000000000	01110011111110	0	1
5	16	2	4	4	10000110000011	11001000111001	00001000001001	0	0
5	17	3	5	1	11000011110000	00000011000100	00010001011100	0	0
5	18	2	5	2	10000010000101	01110101010001	01010010101010	0	0
5	19	1	5	3	00000111001111	01000000000000	10011000000100	0	0
5	20	1	5	4	11101101001000	11000000000000	01010110100101	0	0
6	1	2	1	1	01011010001011	11111110100100	11101111100001	0	1
6	2	1	1	2	01110010100000	00000000000000	00011010110110	0	1
6	3	2	1	3	00101001110010	00011101010111	10011010000000	0	0
6	4	3	1	4	01101010001010	11110010111010	01010111100100	0	0
6	5	2	2	1	00110100001010	00010101111010	11011011010100	0	0
6	6	1	2	2	00100010001100	10000000000000	11111001011111	0	0
6	7	2	2	3	10010010100110	10001010000100	10111010011001	0	0
6	8	2	2	4	11011110101001	00111101010101	10000001111001	0	1
6	9	2	3	1	00101001100001	00100111011100	10000100101011	0	0
6	10	3	3	2	01000101011000	00001010000111	01101011001001	0	0
6	11	3	3	3	00111101111000	11011100110011	00101011001101	0	0
6	12	2	3	4	11001011001110	01001111100001	00000100001000	0	0
6	13	2	4	1	10101101110110	10000110001101	11011111100111	0	0
6	14	2	4	2	00111101011000	01001101111000	01001001101111	0	0
6	15	2	4	3	01110011111111	11000100010010	11000100100011	0	0
6	16	2	4	4	01011111100110	10001001001010	10011111100100	0	0
6	17	1	5	1	11101011000010	01000000000000	11000010001101	0	0
6	18	1	5	2	01101011010111	11000000000000	00010011101101	0	0
6	19	2	5	3	00111011111000	00101001111011	10011011111100	0	0
6	20	3	5	4	01101101111010	00000011111010	11101010000000	0	1
7	1	2	1	1	00010100010100	10001000101110	11111111100110	0	1
7	2	3	1	2	00010000010101	01010111011010	11000100110101	0	0
7	3	2	1	3	10110010000010	00001001000101	01011010111110	0	0
7	4	3	1	4	00101001110001	01111000000111	10110011001000	0	0
7	5	2	2	1	01001010000110	00001110000011	11000010001101	0	0
7	6	2	2	2	11110101100100	01101010010111	01110011100000	0	0
7	7	1	2	3	11111110111101	00000000000000	11101111001110	0	0
7	8	3	2	4	10001111001010	10101111000100	00010110001000	0	0
7	9	2	3	1	00101000101001	11011011010110	10110011010000	0	0
7	10	2	3	2	01001011101010	10001110011110	01110010000011	0	0
7	11	2	3	3	01011000011000	10001011010011	10101110111010	0	0
7	12	1	3	4	01001000011001	10000000000000	10110110110100	0	0
7	13	2	4	1	11110010101011	11100001001001	01101010111100	0	1
7	14	1	4	2	00011010000100	01000000000000	10001000000010	0	0
7	15	1	4	3	00001110011000	11000000000000	01101110110101	0	0
7	16	2	4	4	01111110101001	00111001001101	10000111011111	0	1
7	17	2	5	1	10001100111001	01100000011110	01011110010010	0	0
7	18	2	5	2	10110100000001	10101100011010	10010011100110	0	0
7	19	2	5	3	00101110000011	11011010001101	10000000001011	0	0
7	20	3	5	4	11100010110111	11110111101111	10000110100100	0	1
8	1	2	1	1	01101011110001	00111100001111	00111111110001	0	0
8	2	2	1	2	10000110111010	01000110000100	01001011111000	0	0
8	3	2	1	3	00000001011001	11001001001010	00000001110001	0	0
8	4	1	1	4	00011011101111	00000000000000	11011000000101	0	0
8	5	2	2	1	10000101011001	01100000010100	11100100111000	0	0
8	6	2	2	2	10011110010001	10101101111101	00011000011111	0	0
8	7	2	2	3	00111000101100	01001111001001	10000111101110	0	0
8	8	2	2	4	00011000010111	10000011110001	10010111101100	0	0
8	9	2	3	1	00010011000100	00010010010000	00000111001011	0	1
8	10	2	3	2	11000011010101	00001001000100	00000111011110	0	1
8	11	3	3	3	00101101011001	10011101001010	00110011011001	0	1
8	12	1	3	4	01000101001000	10000000000000	01101111011111	0	0
8	13	3	4	1	11100000010100	10001011001010	10111111011010	0	0
8	14	1	4	2	10101100011010	01000000000000	01101001111010	0	0
8	15	2	4	3	01100101111001	10001111010001	01110111010101	0	0
8	16	3	4	4	00011010011000	00010110011111	11110000111100	0	1
8	17	2	5	1	11111100011101	00100010100000	11110000111011	0	0
8	18	3	5	2	10101111101000	01111011111100	10101110001101	0	0
8	19	1	5	3	11101100110000	11000000000000	11000100100001	0	0
8	20	2	5	4	00001101010101	11011010110100	11111000000110	0	0
9	1	1	1	1	11000101001011	00000000000000	00111110101100	0	0
9	2	3	1	2	11100010001100	00001011101001	10011111010110	0	0
9	3	2	1	3	01001110001010	11001001110010	10001000010111	0	1
9	4	2	1	4	01011100111000	11010011010100	10111110000000	0	0
9	5	2	2	1	01000101110101	11000010011100	11010111110101	0	0
9	6	2	2	2	00001011110110	11110000110000	10111111010001	0	0
9	7	2	2	3	10100001100111	11100011001010	01011011100011	0	1
9	8	2	2	4	11111001010000	00011010000110	11110000011010	0	0
9	9	3	3	1	01110110111000	10101100100000	11011010010111	0	0
9	10	1	3	2	10101011101100	10000000000000	10000000011111	0	0
9	11	3	3	3	00010100100110	10001000001010	00000101001110	0	1
9	12	2	3	4	00011011011011	10010100001011	11110001111110	0	0
9	13	2	4	1	10011111001110	10011111001111	01001001000110	0	0
9	14	2	4	2	00010001110010	11111011101110	01001110110110	0	0
9	15	2	4	3	10010101101111	10111101000111	11101100000000	0	0
9	16	3	4	4	01110100010101	10110100011011	11110010101100	0	1
9	17	1	5	1	01000110011000	01000000000000	10110001101100	0	0
9	18	1	5	2	01101100110000	11000000000000	10110110010000	0	0
9	19	2	5	3	11101111110000	01010111101011	01101100010110	0	0
9	20	2	5	4	11101000011100	10110011011011	11011011011100	0	0
10	1	1	1	1	10010010100101	00000000000000	10010111010101	0	0
10	2	2	1	2	10100011100111	11001010000011	10000110101000	0	0
10	3	2	1	3	00111110000010	10111111111000	10101111110111	0	0
10	4	3	1	4	01111010100110	10111011100011	01010101000100	0	0
10	5	1	2	1	11110110111011	10000000000000	11101001110111	0	0
10	6	2	2	2	10000010011011	10100101011101	01101111101110	0	0
10	7	2	2	3	10010110110010	00101100101010	11010001011101	0	1
10	8	2	2	4	10000100111000	11100010101000	00111100110001	0	1
10	9	3	3	1	00100000010010	01101101000100	11100111011100	0	0
10	10	2	3	2	00010101110000	11000101111100	10010101001011	0	0
10	11	1	3	3	10100001010010	01000000000000	10110000101101	0	0
10	12	2	3	4	11100101001101	01101010100011	00000110110010	0	0
10	13	1	4	1	00111010011101	11000000000000	10101001001101	0	1
10	14	2	4	2	11010011100010	01000010111001	11110100100010	0	0
10	15	2	4	3	01100000010101	11010101111010	11011100011010	0	0
10	16	2	4	4	00100101111000	01000001010000	00001101000010	0	0
10	17	2	5	1	10011010110001	00011100000000	01001110111011	0	1
10	18	2	5	2	00001011110010	10111100111111	01101100101101	0	0
10	19	3	5	3	10010001100100	00101110110100	10000011011010	0	0
10	20	3	5	4	00100101100000	10111110111000	10101000110101	0	0
11	1	3	1	1	01001000001100	01111000100001	01001100000000	0	0
11	2	2	1	2	10110101010100	00100001011101	10100110101001	0	0
11	3	1	1	3	10100000001000	00000000000000	00100111010001	0	1
11	4	1	1	4	11011001110110	10000000000000	00101111011001	0	0
11	5	2	2	1	01001010010010	01111011100101	01011111111110	0	0
11	6	3	2	2	00101001010111	11111110011110	00001111111011	0	0
11	7	2	2	3	10100000110000	00010001000101	00110000000100	0	0
11	8	3	2	4	00001110011001	01111101001111	10100111001011	0	1
11	9	2	3	1	10010010011010	11101011010101	11111101101100	0	1
11	10	2	3	2	00000111010100	00100010111001	10001010001001	0	0
11	11	2	3	3	00011111010111	11110100100110	01010101000110	0	0
11	12	2	3	4	01000111100001	01000000001000	11001010000100	0	0
11	13	2	4	1	01100111101101	10101011010101	11111101111101	0	0
11	14	2	4	2	00110001001110	01000110011100	01011100001101	0	1
11	15	2	4	3	00101011110111	00011111001000	01011111100010	0	0
11	16	2	4	4	00111010011011	01010001111100	10000100000000	0	0
11	17	1	5	1	01110001100110	01000000000000	00101011000000	0	0
11	18	1	5	2	11010110110101	11000000000000	11101011101001	0	0
11	19	2	5	3	10011100000111	11011001000000	10000101011101	0	0
11	20	3	5	4	10001110011001	00101110010100	01011011001001	0	0
12	1	2	1	1	11011010111010	01111100111111	01110100010010	0	1
12	2	2	1	2	10101011011000	10001000010111	11110000111111	0	0
12	3	1	1	3	01111010011110	00000000000000	00111110101011	0	0
12	4	2	1	4	10100011001001	10100111011110	01001011010011	0	0
12	5	2	2	1	11110011101100	10111001101111	01110011001101	0	0
12	6	2	2	2	11001011011010	01100001110111	01000110110011	0	0
12	7	2	2	3	10110101100001	11101111001011	10100111101100	0	0
12	8	2	2	4	11000110011110	10110010000101	11010000001001	0	1
12	9	1	3	1	00011111001110	10000000000000	10110001111101	0	0
12	10	3	3	2	11110001000011	10011001111101	00000110000011	0	1
12	11	3	3	3	11111011101001	00001001001101	10011001000001	0	0
12	12	2	3	4	10101111000001	11010100001001	11010000001110	0	1
12	13	3	4	1	01111001100011	11001000101111	10000110000011	0	0
12	14	1	4	2	11110010101000	01000000000000	01010010101001	0	0
12	15	1	4	3	01010000100001	11000000000000	10100111100111	0	0
12	16	3	4	4	00011010111111	11011011110000	01000110010100	0	0
12	17	2	5	1	10000111010000	00100000100001	01110100011010	0	0
12	18	2	5	2	10101011000011	01000100110101	01010011000111	0	0
12	19	2	5	3	10110010101011	10000110010010	01101001101111	0	0
12	20	2	5	4	00001111010001	10111010001100	01101001011110	0	0
13	1	3	1	1	10101111000100	11111110111110	11100000111001	0	1
13	2	3	1	2	01100111110111	11010110100000	01100111011010	0	0
13	3	2	1	3	00111010001000	11000111010110	10111111101001	0	1
13	4	2	1	4	00000011011111	10101100111100	11101100101000	0	0
13	5	2	2	1	11001111010000	11000001110011	01010110100001	0	0
13	6	1	2	2	11010101100010	00000000000000	00111001010000	0	0
13	7	3	2	3	00010000100111	00111101101111	00111011001001	0	0
13	8	2	2	4	00100110000110	11010110010101	00110010010111	0	0
13	9	2	3	1	11001010110010	11000000111111	11110101111110	0	0
13	10	2	3	2	00110011111001	10100001011000	00101100001011	0	0
13	11	2	3	3	11001011000011	01000110111001	00100010000010	0	0
13	12	2	3	4	01110110001001	00011101011100	01100010101110	0	0
13	13	2	4	1	01101010010011	00110111011010	01111011101110	0	0
13	14	2	4	2	01001000011011	11110111101110	11001010110110	0	0
13	15	3	4	3	00010010001010	10010110011011	01000000001101	0	0
13	16	2	4	4	01110001101001	00010000101001	11110100101100	0	0
13	17	1	5	1	11011101001101	10000000000000	10100010011000	0	0
13	18	2	5	2	00001110100101	00010100000110	01010010100011	0	0
13	19	1	5	3	01010010010000	01000000000000	10100011111100	0	1
13	20	1	5	4	10001000111110	11000000000000	10111110101110	0	1
14	1	2	1	1	11000011000100	10001011001110	01110101110000	0	0
14	2	2	1	2	11010000111101	01110100000000	10111111011010	0	0
14	3	2	1	3	00001001011110	10111110101111	11010111000101	0	0
14	4	1	1	4	01011000110101	00000000000000	00011011011101	0	0
14	5	2	2	1	10101000010010	00100001111011	10011001110110	0	1
14	6	2	2	2	11100011000001	10110100010000	10001111110110	0	0
14	7	3	2	3	00000101001111	10110001111001	01001011101000	0	0
14	8	3	2	4	01111001001001	10011010110101	01110001011101	0	1
14	9	2	3	1	11100011001000	00000101001110	00110110010101	0	0
14	10	2	3	2	11110110001110	11111101000000	11001100101011	0	0
14	11	2	3	3	01100100010001	01100111101001	01010101101100	0	1
14	12	1	3	4	00011010010110	10000000000000	00011111001011	0	0
14	13	2	4	1	00111000101111	10001111101000	11001011011010	0	0
14	14	3	4	2	01010100000111	01001110000110	11111101000001	0	1
14	15	1	4	3	00111101010000	01000000000000	11111111010011	0	0
14	16	2	4	4	01011001100111	11000111010101	11100111111000	0	0
14	17	3	5	1	11111100111011	01011110110000	10110111111010	0	0
14	18	2	5	2	10100010010011	00000011011010	11100101001101	0	0
14	19	1	5	3	01101000110001	11000000000000	10011010011110	0	0
14	20	2	5	4	00101010100100	10010101100001	10010001100111	0	0
15	1	2	1	1	11010100111111	10010101011000	11010011000100	0	0
15	2	1	1	2	11110111101001	00000000000000	11001010100111	0	0
15	3	3	1	3	00001101010000	11001100010000	01011000001110	0	1
15	4	2	1	4	00010111010001	00110100110110	01111101010010	0	0
15	5	2	2	1	10001010100001	01100111100111	10100001101110	0	0
15	6	2	2	2	11010001000010	01010110101100	10100000001010	0	0
15	7	2	2	3	10111011111010	10000000011111	10111011100100	0	0
15	8	2	2	4	11000101000001	11010010111000	00100110110111	0	1
15	9	2	3	1	00110010010011	01011001110011	11110111010100	0	1
15	10	2	3	2	01010110110101	10001000101000	01011001110100	0	0
15	11	3	3	3	11110101111001	11011110011010	01011001010011	0	0
15	12	2	3	4	01111111011100	01010011001001	01101000100110	0	1
15	13	1	4	1	11110100011101	10000000000000	10000111011011	0	0
15	14	2	4	2	00110100001111	01000101111010	00101011010101	0	0
15	15	2	4	3	01101010010100	00110001010101	10110111011100	0	0
15	16	3	4	4	01111100001010	01110100110111	10101111100110	0	0
15	17	1	5	1	11101110011010	01000000000000	01101100001100	0	0
15	18	3	5	2	01001101011000	01101111010010	10111011000000	0	0
15	19	2	5	3	10011100011100	01101110101011	00010111111011	0	0
15	20	1	5	4	01110001100101	11000000000000	11110010001000	0	0
16	1	3	1	1	01111010001111	01011010000000	10001101010000	0	0
16	2	3	1	2	10110011011111	11111101110001	01011011011000	0	0
16	3	1	1	3	10011001001010	00000000000000	00111110001100	0	1
16	4	2	1	4	10111001110001	11101000100100	00111011011111	0	0
16	5	2	2	1	00010101100110	00100101001110	10011001100101	0	1
16	6	2	2	2	01111100010001	11011000100010	01000000101011	0	0
16	7	1	2	3	00110100101111	10000000000000	10110011001111	0	0
16	8	2	2	4	00110010000111	01001110011000	01001100100111	0	0
16	9	2	3	1	10010110101101	00101101110101	00100111011111	0	0
16	10	2	3	2	00010101100001	11111111000111	10001100011100	0	0
16	11	3	3	3	01011001100010	11011000000101	01001010101001	0	0
16	12	1	3	4	01010100111110	01000000000000	11111100100001	0	1
16	13	2	4	1	11110001000011	11011101010000	11110011000100	0	0
16	14	2	4	2	00110101111100	11100101111000	11001001010000	0	0
16	15	3	4	3	00010101001001	11110110110010	11110011101110	0	0
16	16	2	4	4	11110101100110	10101000110010	10100101001000	0	0
16	17	1	5	1	10101100110011	11000000000000	11000100011110	0	0
16	18	2	5	2	11001111011101	10111111110010	10011110111010	0	0
16	19	2	5	3	10001000001010	11110000001001	01100101110011	0	0
16	20	2	5	4	10000011110100	10110110001001	01111100101111	0	1
17	1	1	1	1	11111001100011	00000000000000	11011110110000	0	1
17	2	1	1	2	01101101011010	10000000000000	01100011101011	0	1
17	3	2	1	3	01110000001001	10111111110001	11000100001111	0	0
17	4	1	1	4	01110010011101	01000000000000	11011010101011	0	1
17	5	2	2	1	10011000001101	11100000010000	10100001000101	0	0
17	6	3	2	2	00101101101000	10100101111000	00001110101010	0	0
17	7	2	2	3	11011000101100	10000011100110	10011110011111	0	0
17	8	3	2	4	00001000000010	01010010010010	01101001110111	0	0
17	9	2	3	1	00101110001001	01011001100001	11111110100111	0	0
17	10	2	3	2	00000000100101	00010001101000	00101101011000	0	0
17	11	2	3	3	01011010001001	01011100110001	01101010101101	0	0
17	12	2	3	4	11110001111100	00010101111100	10100001100101	0	0
17	13	2	4	1	01011010001111	01001111001100	10001111110000	0	0
17	14	2	4	2	10011110101100	11101100011110	10110011001001	0	0
17	15	3	4	3	10010010110000	11110110110001	01010011011101	0	0
17	16	2	4	4	01011001111100	10100010101101	10110110111001	0	1
17	17	3	5	1	01111011110011	11001101000011	01101101000101	0	0
17	18	2	5	2	11010111001010	00001110110011	00111110000111	0	0
17	19	1	5	3	11001110010100	11000000000000	10101000110100	0	0
17	20	2	5	4	10011010110010	01011100000011	11100100110011	0	0
18	1	1	1	1	10110010101011	00000000000000	01011010001010	0	1
18	2	2	1	2	00000110000010	00110110110000	11111101010001	0	0
18	3	2	1	3	11110101010001	00101101000110	01000110011110	0	0
18	4	2	1	4	00111110001101	00011011110011	00111111100111	0	0
18	5	2	2	1	01111001010001	00011110000101	11010101110111	0	0
18	6	3	2	2	11011011001011	00011111110011	00010000011110	0	0
18	7	2	2	3	00110000110010	11110000010110	00001111000101	0	1
18	8	2	2	4	00100100100111	11101000100010	00001101101111	0	0
18	9	3	3	1	01000001001000	11100010111100	00100011100001	0	0
18	10	1	3	2	00011101011100	10000000000000	11010100001011	0	0
18	11	2	3	3	11001111110010	10010101011000	00010100001011	0	0
18	12	2	3	4	00011110101000	10110110111100	10001011010000	0	1
18	13	1	4	1	10110111110111	01000000000000	11011101000111	0	0
18	14	2	4	2	01011001110001	10100011000101	11100010000110	0	0
18	15	3	4	3	01001101011001	00001101110101	10000110001011	0	0
18	16	2	4	4	01000111110100	01001110010101	00100100001010	0	1
18	17	2	5	1	11110000010100	11111110011111	10000100111000	0	0
18	18	1	5	2	10111110010110	11000000000000	01111011000101	0	0
18	19	2	5	3	01011011101110	00101011011100	00101011101111	0	0
18	20	3	5	4	01100010010001	01100010010001	11000110000111	0	0
19	1	1	1	1	10011101011011	00000000000000	10101000111011	0	0
19	2	2	1	2	11111010110011	11110000101101	01111011111011	0	0
19	3	3	1	3	01100011101100	11011100101001	11100100100001	0	0
19	4	1	1	4	11000101001111	10000000000000	11011101001101	0	0
19	5	3	2	1	11111001010001	01101001111110	11000000110011	0	0
19	6	2	2	2	10110110110010	10011010000010	00101111010110	0	1
19	7	1	2	3	01001110000100	01000000000000	00110110001010	0	0
19	8	2	2	4	11110110001011	00101111101100	10110110100001	0	0
19	9	1	3	1	00111000010110	11000000000000	00110101110011	0	0
19	10	2	3	2	10001110101000	01010101011111	10111110000101	0	0
19	11	2	3	3	00010101001100	01110010110101	00111101110001	0	0
19	12	2	3	4	11111001010000	01011101101111	01000000000010	0	0
19	13	2	4	1	01111010100100	01100100010011	10001111111001	0	0
19	14	3	4	2	01111001110011	01000111100111	01001001011111	0	0
19	15	2	4	3	10111111111001	00001111101101	11000011110110	0	1
19	16	2	4	4	01101111111001	00100101101010	00111111111000	0	0
19	17	2	5	1	11010010101010	00110011110010	11010101010110	0	0
19	18	3	5	2	01111010110101	11101101011010	10110000110010	0	0
19	19	2	5	3	00001001101010	00010001011011	11111010100000	0	1
19	20	2	5	4	01011111111101	01001111000100	00000001101100	0	1
20	1	1	1	1	11001011110010	00000000000000	11100101111110	0	0
20	2	2	1	2	11010011000011	00001010010101	00010000110000	0	1
20	3	2	1	3	00011110011001	10000100110110	11110100011000	0	1
20	4	2	1	4	01101100000111	10001111111101	10000100111001	0	0
20	5	3	2	1	00001111101101	11010101111100	01101111110110	0	0
20	6	3	2	2	00101001111001	11010001010110	10000011110101	0	0
20	7	1	2	3	10010100101101	10000000000000	11010110010100	0	0
20	8	2	2	4	01110101111011	10000010010101	00101000011000	0	0
20	9	1	3	1	11110110110011	01000000000000	01001011010100	0	0
20	10	2	3	2	11010010010100	00111001001111	10100000111110	0	1
20	11	3	3	3	10010011110100	10100010001000	11010110110010	0	0
20	12	1	3	4	01101001010111	11000000000000	01110001000101	0	0
20	13	2	4	1	10111000110010	11001001110011	01111100010100	0	0
20	14	3	4	2	11100001010101	00001101001000	11010001111001	0	0
20	15	2	4	3	11110101001011	11011101011011	11010001011001	0	0
20	16	2	4	4	11110000000000	01111101101110	01001001010101	0	0
20	17	2	5	1	01100001111001	01100110011011	11100010101000	0	0
20	18	2	5	2	00011011011011	01001101011110	11000001010011	0	1
20	19	2	5	3	01001010111010	10101011101111	11101000001111	0	0
20	20	2	5	4	00111011111110	00101111111010	00110001111001	0	0
21	1	2	1	1	00111010010011	00000010000110	11000001110001	0	0
21	2	3	1	2	11011100111010	10100111010011	01011000011110	0	0
21	3	2	1	3	01011100011010	00001011011101	01001010011100	0	1
21	4	2	1	4	11001011010011	10010111110111	11110010010100	0	1
21	5	2	2	1	01100100010010	11011001110000	00101100111100	0	1
21	6	2	2	2	10101010100101	10011101111000	01110110110111	0	1
21	7	2	2	3	11111001100001	11111010011001	01000111101011	0	0
21	8	1	2	4	01001101100110	01111010101100	01001000001011	0	0
21	9	2	3	1	11011111001110	01001101110001	10010011010110	0	0
21	10	2	3	2	11100101101010	00101101000001	00011010001100	0	0
21	11	3	3	3	01010111111111	10001110101010	00010001110111	0	0
21	12	3	3	4	11111110010001	00011101110011	11111100011101	0	0
21	13	1	4	1	10011010010101	11000011100100	10110001100000	0	0
21	14	2	4	2	00111111010000	00100100011000	00000111110010	0	0
21	15	2	4	3	00000110001000	11100110011101	11010101001101	0	0
21	16	2	4	4	01110100110011	01110101000011	00010010111011	0	0
21	17	3	5	1	10110101001011	10000000001000	01010100011101	0	0
21	18	1	5	2	11101011001101	01000010100100	11011111101101	0	0
21	19	1	5	3	00001111101100	00101001001111	11011110011100	0	0
21	20	2	5	4	10111001101101	00001011101000	10100100101101	0	0
22	1	3	1	1	10000001010101	10101001000000	11100011101110	0	0
22	2	2	1	2	01101100100110	00110010111110	01101010110000	0	0
22	3	1	1	3	01001010011001	10110000000000	00101010110011	0	0
22	4	2	1	4	00101001110110	11100100000101	10000000010010	0	0
22	5	2	2	1	01011110100010	01101010010101	10010110101101	0	0
22	6	2	2	2	01010110111110	10110001001010	01100000011111	0	0
22	7	2	2	3	10010110100110	11100010101010	10000000011101	0	0
22	8	1	2	4	10001101110001	01001010110101	10111101000111	0	1
22	9	1	3	1	00110101001011	10111101101010	10000011011001	0	0
22	10	2	3	2	11010000001110	10000111000110	01100011101000	0	0
22	11	1	3	3	10000010000000	10010000011100	00000110011010	0	1
22	12	2	3	4	01001110101001	11010011111110	00000000100010	0	0
22	13	2	4	1	01110110111111	10011000010001	00101010010001	0	0
22	14	3	4	2	11001001110011	00011000011010	11000011011011	0	0
22	15	2	4	3	10110100100100	00111100011011	10000001010100	0	0
22	16	2	4	4	10000101101011	00101001101010	00000000101011	0	1
22	17	3	5	1	00001101101101	11101100100010	11111100001101	0	0
22	18	2	5	2	01110100111001	11111001110101	01101010111100	0	1
22	19	2	5	3	10011011001011	01001110111100	00110011010101	0	0
22	20	3	5	4	00001100100110	10001010001101	01010101100001	0	0
23	1	2	1	1	10100001011111	10101011000000	01100101100011	0	0
23	2	3	1	2	11011100000101	11010101110010	10001110000000	0	0
23	3	1	1	3	01110001001111	11101100110010	10001110100101	0	1
23	4	2	1	4	01001001001110	10101001011011	00111111001111	0	0
23	5	1	2	1	10101110100101	11101010010101	01101111100101	0	0
23	6	2	2	2	01100000100000	00010100111011	10100000111110	0	1
23	7	3	2	3	00011010010111	00111010111000	10111110111001	0	0
23	8	2	2	4	11010100011110	00101100010100	00111101011010	0	0
23	9	2	3	1	01001010111000	10100111001000	00001000011011	0	0
23	10	2	3	2	10110011011101	11100110000000	11010001011010	0	0
23	11	2	3	3	01010011000100	01110100011010	10110101011010	0	0
23	12	1	3	4	10011010110100	01000001110101	10111101110110	0	0
23	13	2	4	1	01110111111101	00011010011000	11110000100011	0	1
23	14	1	4	2	10001100101110	01110110010000	10011001000110	0	0
23	15	2	4	3	11100101011101	00100100001010	00010111011110	0	0
23	16	2	4	4	11101011100101	00001111111010	11110110010101	0	1
23	17	2	5	1	11101100100000	11001111111100	01010010111110	0	0
23	18	2	5	2	11110010000000	01000000000001	10100100011110	0	0
23	19	3	5	3	00110010100111	10001111010110	10111001000011	0	0
23	20	3	5	4	11011110101100	10001010110000	11000101101000	0	0
24	1	3	1	1	11001001010100	10010000000011	00100100110101	0	1
24	2	2	1	2	10001010100011	10000100111010	10110101010011	0	0
24	3	2	1	3	11100010100101	10001000001011	01110100010110	0	0
24	4	2	1	4	00011010000001	01010110110100	10001100000011	0	0
24	5	2	2	1	01110001110001	01000001101001	01011111010101	0	0
24	6	3	2	2	11000101100010	11001111001000	11100001011000	0	0
24	7	2	2	3	10011011001111	00010101000011	10111110001001	0	1
24	8	3	2	4	00010110001100	10001111111000	00110011110010	0	1
24	9	1	3	1	00010101100101	00101101010100	00011001011010	0	0
24	10	2	3	2	10011101010110	11011101001000	11100111111000	0	0
24	11	3	3	3	00000100001000	00111000110110	11110110111100	0	0
24	12	2	3	4	01000010001110	01101111000000	11001111101111	0	1
24	13	1	4	1	10100100101110	00110110110011	00010100001100	0	0
24	14	2	4	2	00001111110000	00011000001101	00100010100110	0	0
24	15	2	4	3	10111111100001	10100110100000	11101010010101	0	0
24	16	2	4	4	11011110111010	11010011111001	11100011110101	0	0
24	17	1	5	1	00111010000110	10100010010000	11001000011011	0	0
24	18	1	5	2	11001001100111	11100111111000	10111010110100	0	0
24	19	2	5	3	01101101101101	00000011001110	10001111110110	0	0
24	20	2	5	4	01111011101001	11000100000010	10001000100010	0	0
25	1	2	1	1	11111100101111	01110010010000	10101100111001	0	0
25	2	1	1	2	01101011010011	01110111110011	10101100101100	0	0
25	3	2	1	3	11111011111011	11001101100000	11111101000001	0	1
25	4	2	1	4	11111011000100	11111001010101	11110000111110	0	0
25	5	3	2	1	01011110000011	11001100100110	01011010101000	0	0
25	6	2	2	2	10010000000011	00000000101111	00111100010010	0	0
25	7	1	2	3	01001110000000	00111011100011	10111000111110	0	0
25	8	3	2	4	11000100001110	10011001100101	01111100100000	0	1
25	9	1	3	1	10001010101011	00010010101000	01111101101001	0	0
25	10	3	3	2	10100000101011	11000011011100	11110111011001	0	0
25	11	2	3	3	10110111110001	00100001001011	10000001101001	0	1
25	12	2	3	4	11111101100011	10101010110000	00011001110100	0	0
25	13	2	4	1	10110110110100	01010000000011	01110110110110	0	0
25	14	2	4	2	11110011111111	10101010111000	00111100100000	0	0
25	15	3	4	3	11110101101111	11001110100010	10100000010100	0	0
25	16	2	4	4	01000001111100	00011001000101	11010111000011	0	0
25	17	2	5	1	11001010111011	00110000010011	11000101101100	0	0
25	18	2	5	2	00010000100011	10001000001100	01111010100010	0	0
25	19	1	5	3	00000011111111	01111000010000	00110010110101	0	1
25	20	2	5	4	10100000100110	00110100010101	00111110010110	0	0
26	1	1	1	1	00110011101101	00111110101110	11101011101100	0	0
26	2	1	1	2	01011010111110	11101011010010	00000100011001	0	0
26	3	2	1	3	11001101000101	10000111101101	00101001101101	0	0
26	4	2	1	4	10001100101010	11010000000111	00000001010011	0	0
26	5	3	2	1	01101101100011	11110010000011	11110010011011	0	0
26	6	3	2	2	00001000000111	10011100000101	01011100001111	0	0
26	7	1	2	3	11010001001101	00010101000100	11010110111110	0	0
26	8	2	2	4	00101011010001	10000010111111	10000011111111	0	0
26	9	2	3	1	10010100000110	01000100101110	10000111001110	0	1
26	10	3	3	2	01000000001011	01100001010010	10011011111110	0	0
26	11	2	3	3	11010001110101	10010111111000	11000110000000	0	0
26	12	2	3	4	11110100111101	01111111111110	10100110010010	0	1
26	13	2	4	1	11101001101000	01000000110100	01000100001100	0	0
26	14	2	4	2	00010010001111	10111110111101	01110000000011	0	0
26	15	3	4	3	10001101101001	00001011001011	10110001100100	0	0
26	16	1	4	4	11001000000100	10100010101010	11000110011000	0	1
26	17	2	5	1	00100000000111	00000010011001	00111100111100	0	0
26	18	2	5	2	10110111100111	00100001100101	11111000001011	0	0
26	19	2	5	3	10011010000100	11000001011101	11011000010010	0	0
26	20	2	5	4	01011000111110	01011010010011	11011010101000	0	1
27	1	2	1	1	11111100001000	00110111000001	10011100101001	0	0
27	2	2	1	2	00001000010110	10110010100111	11010111110000	0	0
27	3	2	1	3	11011001101000	01110011101111	11101101000001	0	0
27	4	3	1	4	00010001001110	10011111110000	10011011001110	0	0
27	5	2	2	1	00111011101111	00101110111100	01011010010001	0	0
27	6	2	2	2	10001111000001	11101011001000	01110010110100	0	0
27	7	3	2	3	11110110101101	00000000111101	10011111011001	0	1
27	8	2	2	4	11011100010010	01110111000011	00111111111111	0	0
27	9	2	3	1	00000010101111	01100000011111	10010101110000	0	0
27	10	1	3	2	00111111101111	00001111110001	11110100011001	0	0
27	11	1	3	3	00111011110111	01100000101111	11101001010001	0	0
27	12	3	3	4	01101101001101	01110010010111	11000101110110	0	0
27	13	1	4	1	00110001001101	01110011100111	10101001100010	0	0
27	14	2	4	2	01011011110101	11110101101010	00111101011000	0	0
27	15	2	4	3	00011001101010	01111000101111	11011100001110	0	1
27	16	2	4	4	11011010101111	01001001010001	01111010011010	0	0
27	17	2	5	1	10111000111111	11111100000010	11111110100111	0	0
27	18	3	5	2	01100110111110	10100110111001	11110111000100	0	0
27	19	1	5	3	00101011100011	00011110110101	00100010110101	0	1
27	20	2	5	4	11111110100000	10101001101100	11111001111111	0	1
28	1	1	1	1	01010111111110	00000011101001	00100001111001	0	1
28	2	2	1	2	10010111010101	10010101100100	00100011111101	0	0
28	3	3	1	3	00100111100001	01010110101001	11011101101111	0	0
28	4	2	1	4	00011111111110	10111101111111	00001100011100	0	0
28	5	2	2	1	01000111000010	11001110101011	00011000010101	0	1
28	6	1	2	2	01011011010000	11111111001011	01111010111100	0	0
28	7	3	2	3	01001010010011	00010001111000	01001010111110	0	1
28	8	2	2	4	01110011011001	10010000110010	10010000010111	0	0
28	9	2	3	1	10001110101111	10000101010010	00001000100100	0	0
28	10	2	3	2	11101010100000	00110010001111	10001111100011	0	0
28	11	3	3	3	00100110101000	00110011010101	01100110010000	0	0
28	12	3	3	4	10011001001101	10011000000010	10000111110010	0	0
28	13	2	4	1	01010111011110	00001010011111	01000010111101	0	0
28	14	2	4	2	10010001100010	00111111111011	10101111101110	0	0
28	15	2	4	3	11001100100101	00010011100011	00010010100111	0	0
28	16	2	4	4	11101100101101	11011101011110	00001001011011	0	1
28	17	1	5	1	10010101111000	00011100110010	01100010011001	0	0
28	18	1	5	2	11000000111011	10001001101010	10010111110111	0	0
28	19	2	5	3	01000101010000	10110000101000	10101000010011	0	0
28	20	2	5	4	11110100110110	10100111100111	10100110101001	0	0
29	1	2	1	1	00101110100110	01110010111110	01110010000000	0	0
29	2	3	1	2	01100011101111	10100001101110	00000010000000	0	0
29	3	1	1	3	00110101111011	00011000000100	00101110110111	0	0
29	4	3	1	4	00011011000001	01011101000001	10001010111110	0	0
29	5	2	2	1	10110100101001	10010110110001	00010101110001	0	0
29	6	2	2	2	11111100111011	01011101011101	01010111001110	0	0
29	7	1	2	3	11001011110101	00111010001100	00101101110001	0	0
29	8	2	2	4	10100110100000	10110100011111	00011110000000	0	0
29	9	2	3	1	01000101000011	01001000100010	10001110111111	0	1
29	10	2	3	2	11010010011010	10110000101100	01010101101101	0	1
29	11	3	3	3	01001010010001	10000111011000	01010101101010	0	0
29	12	2	3	4	10100001101101	00101000100010	10101000100010	0	1
29	13	1	4	1	10101111101100	01101110100101	01010011010101	0	0
29	14	1	4	2	11010100001010	01111000010011	00000001101110	0	0
29	15	3	4	3	00100100001000	00101001000110	00100001100111	0	0
29	16	2	4	4	11000001000111	11111110000111	00001000011101	0	0
29	17	2	5	1	10101101011111	11111011101111	11111000000001	0	0
29	18	2	5	2	00101010101001	10110011010111	01011111001011	0	1
29	19	2	5	3	10001110010001	11100101111011	11011000110100	0	0
29	20	2	5	4	01000101011011	11101101011000	10111000000101	0	0
30	1	2	1	1	10110111100100	10010011110111	01101100110001	0	1
30	2	2	1	2	01010111100111	00111101010110	01010001110010	0	0
30	3	2	1	3	01001001000000	00110001000011	10000111001011	0	1
30	4	1	1	4	00101011110001	01001000001100	00010111101110	0	0
30	5	2	2	1	01110010010010	11101111001011	01110011011001	0	0
30	6	1	2	2	10010110100011	01110101100001	00100100110010	0	0
30	7	2	2	3	10001100100010	00111011000000	10000010001110	0	0
30	8	2	2	4	10011011110001	00010010011000	00100111000111	0	0
30	9	3	3	1	11011110100001	01011111101100	01110100001100	0	0
30	10	2	3	2	11000000001111	01101101011000	00011101010111	0	0
30	11	1	3	3	00101101011111	10010100010001	11000111110111	0	1
30	12	1	3	4	00000111001100	00000011000101	00110110100011	0	1
30	13	2	4	1	00100011011011	01001101001101	00100011010010	0	0
30	14	2	4	2	10100110011100	01110110011110	11001111011101	0	0
30	15	3	4	3	11100001001010	01010000101110	01001001100010	0	0
30	16	3	4	4	11100000111111	01110111100001	01001000110110	0	0
30	17	3	5	1	00101011010000	01011001001101	00101110000100	0	0
30	18	2	5	2	11100011011010	10010100100100	01110110110011	0	0
30	19	2	5	3	10101111110000	01001111010010	00100011111110	0	0
30	20	2	5	4	01111010011101	10010000100111	11011001100001	0	0
31	1	2	1	1	10110110011011	00100001010011	11011100110111	0	1
31	2	2	1	2	11111101100100	00010010101010	11100000001111	0	0
31	3	2	1	3	01000110110000	10100101110110	10000010000001	0	0
31	4	2	1	4	11010000011111	10010001011010	01011101110000	0	1
31	5	2	2	1	11111101000101	01110110011011	01100100111100	0	0
31	6	3	2	2	10010011101110	10100110111110	01011101010110	0	0
31	7	1	2	3	10111000111101	10101010011010	00010000010100	0	0
31	8	2	2	4	01010110110000	10111010011001	01101010000110	0	0
31	9	2	3	1	11011100101101	01000111111100	11000010110110	0	0
31	10	3	3	2	11010010001111	00000010000101	00010110111101	0	0
31	11	2	3	3	00010011111000	01011111001001	00110010000100	0	0
31	12	3	3	4	11001100101000	01010111010101	11011110100010	0	0
31	13	2	4	1	00001100110100	00000111111001	00111101010100	0	0
31	14	2	4	2	01100100011011	10101100100110	10101110101010	0	1
31	15	1	4	3	00000000101101	00010100000100	01010001101011	0	0
31	16	1	4	4	00101001100011	11100111000001	01010000011100	0	1
31	17	3	5	1	01000000110000	01000101111000	10010011100100	0	0
31	18	2	5	2	00000011010110	10111111100010	00010110100010	0	0
31	19	1	5	3	10011000110110	00100010010011	10010101010101	0	0
31	20	2	5	4	01000110001011	00111101011011	10101101110101	0	0
32	1	1	1	1	00100101100111	11111100101001	11101110000101	0	0
32	2	2	1	2	10010100101110	10111110001001	10100010010001	0	0
32	3	3	1	3	11110111111010	00000110101101	01100101001111	0	0
32	4	2	1	4	10100101101111	00110001111000	01000100110011	0	0
32	5	2	2	1	01100100110100	10100010111111	10010010010011	0	0
32	6	2	2	2	00001011100001	10000100011101	10001111111000	0	0
32	7	2	2	3	11101001101010	00101011011111	00100100100111	0	1
32	8	2	2	4	01011010110101	01010100000011	10001100110010	0	0
32	9	3	3	1	10100110111011	01110001110001	00100100100001	0	0
32	10	2	3	2	10111010001000	10001101000010	00001000111000	0	0
32	11	1	3	3	00000011101101	10101001011101	10010101111100	0	0
32	12	2	3	4	00011111011110	10100111011001	11111010010010	0	0
32	13	2	4	1	01011001010100	10011110011111	01010100011111	0	0
32	14	1	4	2	10111011010101	01110001001100	10011110110000	0	0
32	15	2	4	3	10010111110101	10010100001001	10010110111110	0	0
32	16	3	4	4	01100111110110	00101010100000	00011111111010	0	1
32	17	3	5	1	10000000010101	01101000100011	11001100111010	0	1
32	18	2	5	2	00100101000000	11011000100011	10100101001101	0	1
32	19	2	5	3	10000111000101	01011011010001	11101111001100	0	0
32	20	1	5	4	10100110101010	01010111011100	11010100001100	0	0
33	1	2	1	1	01100011100110	11000011100101	11001011001001	0	0
33	2	3	1	2	10100111101110	10100001101011	10110111100100	0	0
33	3	2	1	3	01010010000010	11110100000101	10110100001110	0	0
33	4	2	1	4	11110001110100	11010000000101	10000110001010	0	0
33	5	2	2	1	10100010011011	11001010011011	11011100011001	0	0
33	6	2	2	2	00101100110001	00000000001100	11010010001010	0	0
33	7	3	2	3	00000100010010	00001010110011	10010001011110	0	0
33	8	2	2	4	00111001000011	11010100100101	11110110010111	0	0
33	9	3	3	1	01010110110010	01000101111000	01010001001010	0	0
33	10	2	3	2	00010011100001	01111010001111	11010001111000	0	0
33	11	2	3	3	10110001010111	11011100000000	10011010111101	0	1
33	12	2	3	4	00110101010100	01101100100111	01110011010000	0	0
33	13	1	4	1	10100000101101	10100011010001	00111000001110	0	0
33	14	1	4	2	10110100011101	11010110011111	10000100001001	0	0
33	15	1	4	3	10010101100000	00111010010010	11010101110001	0	1
33	16	2	4	4	01010011010010	10101010000101	00110110110010	0	0
33	17	2	5	1	00110010011011	10100000110001	11100100100111	0	0
33	18	2	5	2	00111101100000	11000001101010	00100100001111	0	1
33	19	3	5	3	01101101010010	01010111010100	10100000100110	0	0
33	20	1	5	4	11010000000000	00010001000001	00110010011010	0	1
34	1	2	1	1	11000111011101	00101001011111	01001100001001	0	0
34	2	1	1	2	00011011010110	10010000010000	00110010001001	0	1
34	3	1	1	3	10100010000111	00100110101001	11101001001010	0	0
34	4	2	1	4	01011010101111	01011110001010	11100100000011	0	1
34	5	2	2	1	10100011000101	01001001011111	11001011000111	0	0
34	6	1	2	2	10110111010110	00111101010010	11100001000101	0	0
34	7	2	2	3	00100101001000	01111111110010	11101010110101	0	0
34	8	2	2	4	10101010000100	00110110001000	11100010011101	0	1
34	9	2	3	1	00100111001001	01000101101010	11111101010111	0	0
34	10	2	3	2	00000001001100	00111001010000	00011100000001	0	0
34	11	2	3	3	01110010111111	10001100011101	11000100110111	0	0
34	12	3	3	4	11100010010111	11100100110011	11000011100100	0	1
34	13	2	4	1	01001011101100	11111000001101	11000101110101	0	0
34	14	1	4	2	01011111010011	01001111100000	00100010001111	0	0
34	15	3	4	3	01101010010100	10111100100010	00111011111011	0	0
34	16	2	4	4	10001111001111	01000011001000	00110000001001	0	0
34	17	3	5	1	10001100111100	00000001001000	11101101001011	0	0
34	18	2	5	2	11001010011101	11111011001010	11100110000001	0	0
34	19	2	5	3	00100000000100	10001010111111	01000001110001	0	0
34	20	3	5	4	11011000111000	01000110010100	10111100010011	0	0
35	1	2	1	1	01001111111101	01001001010010	10011101111100	0	1
35	2	2	1	2	10111100111011	00111000101111	10111101111010	0	0
35	3	2	1	3	11000111110110	10011111001011	01100101011110	0	0
35	4	1	1	4	10010000010010	00110001000011	00011000100000	0	0
35	5	3	2	1	01011001011000	11110100100101	01000010101101	0	1
35	6	2	2	2	10111001000110	11001100010000	01111010101010	0	0
35	7	3	2	3	00010000001010	01111110011100	01101101010111	0	0
35	8	2	2	4	10100101001100	11111000101110	10010100011111	0	0
35	9	2	3	1	11011001110010	01110010001100	10101010001101	0	0
35	10	2	3	2	11011110111101	01111110111010	01101111101010	0	0
35	11	2	3	3	10111111001011	01000000111011	11111101000000	0	0
35	12	1	3	4	11100000010101	01101000100101	10111100000101	0	0
35	13	2	4	1	00110101000100	10111111010111	01111001001001	0	0
35	14	2	4	2	00010011001000	01000010101100	00011011100001	0	0
35	15	2	4	3	10010111110010	10011111001111	10010100100111	0	0
35	16	1	4	4	00101101011001	10011110100011	10110011100110	0	1
35	17	3	5	1	10001100001000	00110001101000	10111001101101	0	1
35	18	3	5	2	01001110010000	11011010001011	01110011100011	0	0
35	19	1	5	3	00011000101100	10011111001110	10100101101011	0	0
35	20	2	5	4	00101010000100	01000111011000	11111110000110	0	0
36	1	2	1	1	10110000101000	11011010101110	10010010000111	0	0
36	2	3	1	2	00111011001001	00001111000101	01000100100101	0	0
36	3	2	1	3	10011010101111	01000101001111	00011000000000	0	1
36	4	2	1	4	11111101110010	01011000101110	00100101001111	0	0
36	5	2	2	1	00101000011001	10100101000000	10100000001101	0	0
36	6	1	2	2	10000101001101	10010001111101	01000111001010	0	0
36	7	2	2	3	11101110110110	10011000110011	10010011000100	0	0
36	8	2	2	4	10011110000111	00010101110001	00001100001100	0	0
36	9	2	3	1	10011110001101	01100111001011	11101011010000	0	0
36	10	2	3	2	11111001000110	10100010100011	11101000100010	0	0
36	11	1	3	3	01101010010110	01011101001010	00101001111010	0	1
36	12	1	3	4	01000000010100	01000110001001	00001001110000	0	0
36	13	2	4	1	10110001000011	01100111110000	10001100000000	0	1
36	14	2	4	2	00001010101000	00001010110101	00101111101000	0	0
36	15	2	4	3	11010011000110	00010000110100	00100011100011	0	0
36	16	2	4	4	10000000010111	11001001001111	00110011010110	0	0
36	17	3	5	1	00101110110111	11101000111110	11010010100010	0	0
36	18	3	5	2	01010010010001	00011011001100	11111111001101	0	1
36	19	1	5	3	00111010110011	10101100100100	10110111010110	0	0
36	20	3	5	4	01010010000111	10011011000001	00011001011100	0	0
37	1	2	1	1	00010101110100	10001111110110	11110000001100	0	0
37	2	1	1	2	11110010010111	11100101111010	11001000100111	0	1
37	3	1	1	3	01101111101110	00011000101010	10010110101000	0	0
37	4	2	1	4	00011001011101	10100111100011	10101011111011	1	0
37	5	3	1	5	00000111110010	10111100011101	11111001111010	0	0
37	6	2	2	1	10111100000110	01001100100101	01101100000101	0	0
37	7	2	2	2	01111010000100	01010110110100	11011100100101	1	1
37	8	1	2	3	11001101010011	00111000001011	11110111010000	0	1
37	9	3	2	4	00111100100011	11110100110111	10111110110010	0	0
37	10	2	2	5	11101001100000	00100111100100	11110001010000	1	0
37	11	2	3	1	10101000110001	00010000110001	10001101011010	0	1
37	12	2	3	2	01011110000001	01010110111101	10110110100110	0	1
37	13	2	3	3	01000011001011	11111001101000	01111000111111	1	0
37	14	2	3	4	00001010101100	01011100011010	00010000100010	0	1
37	15	3	3	5	00001101000100	01010111110101	10110100110101	0	0
37	16	2	4	1	11011001111111	00111000001011	00010011011000	0	0
37	17	2	4	2	00001011001001	10100001111110	01100011011011	0	0
37	18	2	4	3	01011110111100	11110101011000	01011001110110	1	0
37	19	3	4	4	10111000111100	00100100011011	00111101000100	0	0
37	20	1	4	5	01101101101010	00111101000011	11001000100110	0	0
37	21	2	5	1	00001100101111	01101101001111	10100010000001	0	0
37	22	2	5	2	01001111100101	10010001010011	10101101010001	0	0
37	23	2	5	3	00101110100011	10000101010100	10011001101100	0	1
37	24	2	5	4	11010100011011	11101101100000	10000001110111	0	1
37	25	2	5	5	00011101101010	11000000011010	00101110110010	0	0
