10000
0.96028
1	1	2	1	1	00010110011010	11100110110110	00011101000010	0	0
1	2	2	1	2	01011110101101	01111110100110	00100001000110	0	0
1	3	1	1	3	01110011011100	00000000000000	11000011101010	0	0
1	4	1	1	4	00111011001101	10000000000000	10101010101100	0	0
1	5	2	2	1	11111110100111	11110100000001	11010110011011	0	1
1	6	3	2	2	00011011000100	01010100101101	11110110101000	0	0
1	7	2	2	3	11001100111010	11111100011010	11100100011100	0	0
1	8	1	2	4	10100101100000	01000000000000	00110101110010	0	0
1	9	2	3	1	01101110000110	10111101000111	00010110111000	0	1
1	10	2	3	2	10110100011100	11111011010111	10110100101101	0	1
1	11	2	3	3	10110000101100	11011011111001	11001101010100	0	0
1	12	3	3	4	00110000011100	11010110001101	11111101011011	0	0
1	13	3	4	1	01010010000010	00100010011110	00101110000010	0	0
1	14	2	4	2	01001110010001	11100100011101	11100011100011	0	0
1	15	2	4	3	00111111000100	10000000111100	00101100101111	0	0
1	16	3	4	4	01100111111110	11111001110100	11000000100100	0	0
1	17	2	5	1	11011001010101	01110000111011	10000011010100	0	0
1	18	2	5	2	01101001101101	01100110000100	01110101110100	0	0
1	19	1	5	3	01011000111101	11000000000000	00000011011110	0	0
1	20	2	5	4	10111110000110	00101001011110	01110000110010	0	1
2	1	3	1	1	00010110111111	01000011011110	01101101111010	0	0
2	2	1	1	2	11110010010100	00000000000000	11000111001100	0	1
2	3	2	1	3	00110000001111	10011010000011	10101100011000	0	0
2	4	2	1	4	01011001101101	01100101000110	01111011111000	0	0
2	5	2	2	1	11111010101010	01111000111011	01110110011000	0	0
2	6	3	2	2	00101111111001	01011011110111	01111110001000	0	0
2	7	3	2	3	00011111111001	01010010010010	01111010101101	0	1
2	8	2	2	4	00011000100101	00100111110110	10110100110011	0	0
2	9	2	3	1	00111100110011	10010101100110	01001110111001	0	0
2	10	2	3	2	10100100011001	10110111000110	11010011001010	0	1
2	11	1	3	3	11000001101000	10000000000000	01100001000000	0	0
2	12	2	3	4	01001001001100	01111100001101	10001010010100	0	0
2	13	2	4	1	01010101110010	00101101110100	10010101010101	0	0
2	14	3	4	2	01011001101001	11011011100010	10101010000101	0	0
2	15	1	4	3	10101011000010	01000000000000	01010010100101	0	0
2	16	2	4	4	01001000010101	11100010001100	11000111101111	0	0
2	17	2	5	1	00010110100000	11100100010111	01001010010111	0	0
2	18	1	5	2	11110100010010	11000000000000	01011100011010	0	0
2	19	2	5	3	00011001001100	00100010101010	10111001001010	0	1
2	20	2	5	4	01101110010101	11001011111000	10001000011001	0	0
3	1	1	1	1	00000001011100	00000000000000	01010010100100	0	0
3	2	1	1	2	10000111011100	10000000000000	00100110100011	0	0
3	3	2	1	3	10011100001001	00011010011001	11100001000001	0	1
3	4	2	1	4	11001010101011	00100010111111	10011111100101	0	0
3	5	2	2	1	01011001111101	10101110011011	01110011100100	0	0
3	6	2	2	2	01100010000010	11100100000111	10011011001101	0	1
3	7	1	2	3	00010110101100	01000000000000	10100011110010	0	0
3	8	3	2	4	01011011001101	01001001101111	00001010111011	0	0
3	9	2	3	1	11010001001100	10111101011000	01001000100011	0	0
3	10	2	3	2	00110011010000	10001001110001	11110011100110	0	1
3	11	2	3	3	00101110011001	10001110100001	01101000111111	0	0
3	12	2	3	4	01011000000111	01000001010110	11100101101100	0	0
3	13	2	4	1	01011001010111	01010010001111	10100000001001	0	0
3	14	2	4	2	01000100101011	10100101111001	11101111011110	0	1
3	15	2	4	3	11101011011110	11100101111000	10100001100010	0	0
3	16	3	4	4	11000001000101	11001110110100	00010000101100	0	0
3	17	1	5	1	01001001001110	11000000000000	11010101101111	0	0
3	18	2	5	2	10000100110111	10111001111101	10010011010010	0	0
3	19	3	5	3	11010100011110	01011100101111	00110111010010	0	0
3	20	3	5	4	11000001010100	11101100101010	00011011100001	0	0
4	1	3	1	1	10001100111001	11101000101110	00000011010100	0	1
4	2	1	1	2	00001001100101	00000000000000	10110100101011	0	0
4	3	1	1	3	10100001010100	10000000000000	00001010110010	0	1
4	4	2	1	4	11100001000101	00001111010000	01111001010011	0	0
4	5	2	2	1	01011001111111	01110010011011	10111111001001	0	0
4	6	2	2	2	01110100101000	10110100000110	01100100010110	0	0
4	7	2	2	3	01110011100111	01100110011111	11111100001001	0	0
4	8	2	2	4	01011011111011	11010110110011	11110010101101	0	0
4	9	3	3	1	10011001111110	11101111011110	01001001111000	0	0
4	10	2	3	2	00000000100000	01111101110011	00000010111111	0	0
4	11	2	3	3	01100101111000	11011111100110	11011100010001	0	1
4	12	1	3	4	10110100101011	01000000000000	00011111110110	0	0
4	13	2	4	1	00111010100001	01001000101111	11101100100110	0	1
4	14	3	4	2	01001000000010	00100000111000	01001110111010	0	0
4	15	2	4	3	10001000101100	11100011010010	11011111110111	0	0
4	16	2	4	4	00110011100100	11001010011101	00010111001011	0	0
4	17	3	5	1	01010111111111	11111110010101	10111111000000	0	0
4	18	2	5	2	10001011100110	00001011110100	10110010110011	0	0
4	19	1	5	3	01001011110101	11000000000000	11111011110111	0	0
4	20	2	5	4	10011000001001	10110100110000	00000011001100	0	0
5	1	2	1	1	10101011111100	10111100000111	00111011001100	0	0
5	2	2	1	2	11101000000010	10010001111100	01111100000010	0	1
5	3	2	1	3	11111100101010	10111100101110	10011000010000	0	0
5	4	1	1	4	00111000101011	00000000000000	11000101100011	0	0
5	5	3	2	1	00110100110011	10110001100001	11111011011101	0	0
5	6	1	2	2	11000110111110	10000000000000	00000111110110	0	0
5	7	2	2	3	01010111111001	00111010101100	10010101010110	0	0
5	8	2	2	4	10000010001001	00010100011011	10111010111011	0	1
5	9	1	3	1	10110101000001	01000000000000	11011111110010	0	0
5	10	3	3	2	00110011001010	11001111001010	11010100011111	0	1
5	11	2	3	3	10001010000000	10111000110101	11011000100010	0	0
5	12	3	3	4	10100111111010	10001100100001	10100010011010	0	0
5	13	2	4	1	01001000001101	01101110000110	01110101100001	0	1
5	14	2	4	2	10000100100100	01101010011100	00111001011001	0	0
5	15	2	4	3	10000111011000	01011000010000	00111001001011	0	0
5	16	2	4	4	01000111010011	00101111001010	10100000001101	0	0
5	17	2	5	1	00100111110101	11111011101110	10010111110001	0	0
5	18	2	5	2	00000111011011	11100001010000	10101000110011	0	0
5	19	1	5	3	10000100011011	11000000000000	10110101010110	0	0
5	20	3	5	4	01000011111001	10001101011001	10101110011000	0	0
6	1	1	1	1	10100010000011	00000000000000	01010000101110	0	0
6	2	3	1	2	00100100000010	00010000011000	10111010111011	0	0
6	3	2	1	3	00101111100001	11101101011010	10011011010100	0	1
6	4	2	1	4	01110101011111	01110001010110	10111011100000	0	1
6	5	2	2	1	11010111101010	11101010111110	01111111000001	0	0
6	6	2	2	2	00110101100111	10101011000111	11101110010111	0	0
6	7	1	2	3	01100101000011	10000000000000	11110001000000	0	0
6	8	1	2	4	11110100101001	01000000000000	00110111101011	0	0
6	9	2	3	1	00000110000101	00000001110111	10101010111111	0	1
6	10	2	3	2	00001010111011	01111000100000	11011000100110	0	0
6	11	3	3	3	10101111010101	01000010110010	00010111010011	0	0
6	12	2	3	4	10111000100111	00011010100100	01011111001101	0	0
6	13	3	4	1	01000001010001	01111001101011	10010111001101	0	0
6	14	2	4	2	11010111011011	01100111010001	01001000101001	0	0
6	15	2	4	3	11011111100110	10011001011000	01110011101001	0	0
6	16	3	4	4	10101101001001	00101011011101	10110001110010	0	0
6	17	2	5	1	01010111000110	11010010111111	11010011001010	0	0
6	18	1	5	2	00101001101101	11000000000000	10000111100000	0	1
6	19	2	5	3	11111000110111	10001011001100	11100000101110	0	0
6	20	2	5	4	01101010110011	00000011000001	00110110001010	0	0
7	1	2	1	1	01011011111101	10101001111010	11001101001100	0	0
7	2	3	1	2	00000001101000	00101100000011	10111000011010	0	0
7	3	1	1	3	11001000100010	00000000000000	01111101111000	0	0
7	4	2	1	4	10100001000000	11010011001100	00100000011111	0	0
7	5	2	2	1	11100111110001	11110001010011	10110111001100	0	0
7	6	1	2	2	00001011010101	10000000000000	11100101001101	0	0
7	7	2	2	3	11101010001011	11001001111100	00110110111110	0	0
7	8	2	2	4	11000000100001	11100000000100	01111111010110	0	0
7	9	3	3	1	01001101100100	00110011011110	11000000000010	0	1
7	10	2	3	2	11010001100011	01110010000001	01110100111010	0	1
7	11	1	3	3	01000110101101	01000000000000	01000101000101	0	0
7	12	2	3	4	01111000100101	01100110001011	11010011000010	0	0
7	13	3	4	1	00010101110111	11001001011010	00100010101001	0	1
7	14	2	4	2	10111101010110	11010001110001	11101111011111	0	0
7	15	3	4	3	10110101111011	10100011100001	10010001100000	0	1
7	16	2	4	4	01111110000101	01101100000111	10101101011011	0	0
7	17	2	5	1	01100011000101	10001010101110	01000011101111	0	0
7	18	1	5	2	10011001101000	11000000000000	01011011011011	0	0
7	19	2	5	3	01010001101111	01011001000000	11100010011101	0	0
7	20	2	5	4	11000110111110	01011111111001	00111100000100	0	0
8	1	3	1	1	00011110011011	00010111111010	01011011100111	0	0
8	2	2	1	2	01010001101111	01110010001101	01111100000111	0	0
8	3	3	1	3	11010010111111	00111001000100	11100011100010	0	0
8	4	2	1	4	10011111010010	01111111100101	01010010001001	0	0
8	5	2	2	1	11111001100101	00010110001010	00110100100101	0	0
8	6	2	2	2	00101111011110	10110010101010	10100000011100	0	0
8	7	3	2	3	11010100010000	00010111011100	00011001001110	0	1
8	8	2	2	4	01001111111000	11101000101100	11110001011010	0	0
8	9	2	3	1	01101101001011	10100010101001	11011000110111	0	0
8	10	1	3	2	01110110100100	00000000000000	10000010100101	0	1
8	11	1	3	3	11001011011100	10000000000000	00100100001100	0	0
8	12	1	3	4	00010010110011	01000000000000	00111111100010	0	0
8	13	1	4	1	00010011100101	11000000000000	10011011110001	0	0
8	14	2	4	2	01110001100111	10101000100001	01110010001100	0	0
8	15	2	4	3	10011000000011	11100110001000	11100001000000	0	1
8	16	2	4	4	01011100000101	01111111001010	00111101101110	0	1
8	17	3	5	1	01000010010101	01101010011000	10111000011011	0	0
8	18	2	5	2	11101111000001	00101011100110	00111110000111	0	0
8	19	2	5	3	10110001110110	01010011011011	11000000100010	0	0
8	20	2	5	4	10010110110111	01100010010001	00011001111101	0	0
9	1	3	1	1	00111000001000	10111001010011	00011011010001	0	1
9	2	2	1	2	11011000010100	00010101010000	00111101101010	0	0
9	3	2	1	3	00000100100001	01110001101111	10100111101001	0	0
9	4	2	1	4	01110001100000	11001000010001	00110000101001	0	0
9	5	3	2	1	01101111011111	11111001101011	10101010101100	0	0
9	6	2	2	2	11000010100000	00101011011001	11101100111101	0	0
9	7	2	2	3	00000000010111	10001110110100	01110000001010	0	0
9	8	2	2	4	00000101100100	00100101001111	01101001011110	0	0
9	9	2	3	1	10101010011101	10000110010001	00001101001011	0	0
9	10	1	3	2	11100010011010	00000000000000	01000101011010	0	0
9	11	1	3	3	00110100100110	10000000000000	00010111000101	0	1
9	12	2	3	4	01111101100011	11111011011011	00100001101111	0	0
9	13	2	4	1	11110100100011	11110100111100	01001000110100	0	0
9	14	2	4	2	01001001101100	10111000000011	10101101010001	0	0
9	15	2	4	3	11110010110111	11001101000101	00100101010101	0	1
9	16	3	4	4	11100001111101	01110011010001	00000000000100	0	0
9	17	1	5	1	11001111010101	01000000000000	11110010011010	0	1
9	18	1	5	2	00111000001111	11000000000000	11010000111111	0	0
9	19	2	5	3	10000100111000	11010110000001	00001111010010	0	0
9	20	3	5	4	10010110110000	11010101100100	11101011100010	0	0
10	1	2	1	1	11101001110100	01001000110101	00101010000101	0	0
10	2	2	1	2	01010010100100	11110110010010	00000010111100	0	0
10	3	3	1	3	00110101100100	01001110001011	11101001011111	0	0
10	4	1	1	4	11000101100010	00000000000000	00101010010011	0	0
10	5	1	2	1	11001101000001	10000000000000	11001110000011	0	0
10	6	2	2	2	10100101000100	00111100101110	11001000101100	0	0
10	7	3	2	3	11110101011100	11101011101000	00010100010101	0	1
10	8	2	2	4	10001011001100	11111100100101	10110010111101	0	0
10	9	1	3	1	01001110111011	01000000000000	01101101000011	0	0
10	10	2	3	2	11110111011001	11100111110111	10101000101011	0	0
10	11	2	3	3	00100000111010	01111010100001	11101101011000	0	0
10	12	1	3	4	11010000101000	11000000000000	11100101101111	0	0
10	13	2	4	1	10001110010001	01101110000111	11000010111000	0	0
10	14	2	4	2	00111001110111	00110111110001	00010011001010	0	1
10	15	3	4	3	00011111000000	00101011100110	10001011110111	0	0
10	16	2	4	4	00111101110001	00011111100111	01101001111010	0	0
10	17	2	5	1	01110000000101	11011011011110	10000100011010	0	0
10	18	2	5	2	10001110011011	01010000010100	10101000111110	0	0
10	19	3	5	3	11110011111001	01110010000101	00101101000100	0	1
10	20	2	5	4	01010010000011	00100010110011	00001001111011	0	1
11	1	2	1	1	11010101100011	11000000100001	11000110011111	0	0
11	2	2	1	2	01010101111100	01000000011111	00110100011001	0	0
11	3	1	1	3	11011100111001	00110000000001	00110100011100	0	0
11	4	3	1	4	11101110101010	01010010101100	11101111110001	0	0
11	5	2	2	1	10000101110000	10100011110100	11111110100110	0	0
11	6	1	2	2	00111101110101	10111110111101	00001001000101	0	0
11	7	2	2	3	00101110101000	10111001010001	10001100111010	0	1
11	8	2	2	4	01110010100110	00001001000100	01100010100000	0	1
11	9	2	3	1	01110011100010	01100001100011	10110100000011	0	0
11	10	2	3	2	00000110111101	00010100110000	10000001110100	0	0
11	11	3	3	3	10101110111111	01000010110100	01010111100000	0	0
11	12	2	3	4	11010111000011	01101011010110	10101110000101	0	0
11	13	2	4	1	01101100110101	11110101101111	00010101101010	0	1
11	14	2	4	2	01001110001101	11110110010101	01100000001010	0	0
11	15	2	4	3	10011101100001	10100001010010	10100110111101	0	0
11	16	3	4	4	10010000111101	10010101000110	00111101100111	0	1
11	17	3	5	1	11111111011100	00001101011100	00010100101101	0	0
11	18	1	5	2	01100001000000	11000001110110	10000101000111	0	0
11	19	1	5	3	00000111001000	01000011101011	10110111110101	0	0
11	20	2	5	4	00010111101101	00111001100000	01011000100101	0	0
12	1	1	1	1	01001000000101	00000100011010	00101111000110	0	0
12	2	2	1	2	01000100011011	11110011101100	10011010110111	0	0
12	3	2	1	3	11100011110010	10001111011001	01001010110001	0	1
12	4	2	1	4	01010000101110	01100010011000	01110101110010	0	0
12	5	3	2	1	11011001010110	10101001100110	10010001001100	0	0
12	6	2	2	2	11000011000010	10111010011000	11001110101010	0	0
12	7	1	2	3	10011010110110	11101100111111	01010010110110	0	0
12	8	2	2	4	01000000111110	10011110111000	11110111001001	0	0
12	9	3	3	1	01101111001100	10100001111100	01111100100001	0	0
12	10	2	3	2	10011000111111	11101100111110	10110101000011	0	0
12	11	2	3	3	11101001010110	01111010101101	00101110000010	0	0
12	12	3	3	4	10110011000100	11110000100010	10111011011111	0	0
12	13	2	4	1	00111001110111	00010101000110	10000000110101	0	1
12	14	2	4	2	11111100111001	11010011100111	11110010011111	0	0
12	15	2	4	3	10010010110110	00100101101101	11010111001110	0	1
12	16	1	4	4	10011111111111	11010111110010	11010011111100	0	1
12	17	2	5	1	01111111101100	10001100001111	11011000000001	0	0
12	18	2	5	2	00011110011100	10101001110001	01100101101010	0	0
12	19	3	5	3	01110010010110	10001111100011	10000101010011	0	0
12	20	1	5	4	11011000010001	01010010101101	10110101101010	0	0
13	1	2	1	1	10111111010010	01101100001111	10110111110101	0	0
13	2	2	1	2	01001011011111	10001100110010	10011001111100	0	0
13	3	2	1	3	10001101001010	11010100011010	10010101100110	0	0
13	4	2	1	4	01001110101101	11110010000111	11010001101100	0	0
13	5	2	2	1	10101101000110	10101101001011	10110101101101	0	1
13	6	2	2	2	11100110010001	00000111011110	11111000111011	0	1
13	7	2	2	3	01011110110100	00011101100010	00101010100000	0	0
13	8	2	2	4	00000101011100	11001001111001	11100111001100	0	0
13	9	1	3	1	00100101110100	10110010101111	01110011000000	0	0
13	10	1	3	2	00011001001110	11011111000011	00011011111111	0	0
13	11	2	3	3	11011000100000	10111011101111	00100001100011	0	0
13	12	1	3	4	00110000010110	01101101110010	10011110101000	0	0
13	13	1	4	1	10011100000100	11010010011101	11100100100101	0	0
13	14	2	4	2	10011111011000	00000010100000	01010011100110	0	0
13	15	3	4	3	00100100001011	10001110000101	10101011110101	0	0
13	16	3	4	4	11101101010010	01000111011011	10101111000000	0	0
13	17	3	5	1	10010011000000	00101101111110	00000101011100	0	1
13	18	3	5	2	00011010111110	00100000110011	11001010010101	0	0
13	19	2	5	3	01110101011011	00010110111011	10111000110111	0	1
13	20	2	5	4	10011100110110	01011010100111	00001101000110	0	0
14	1	2	1	1	10101011011110	01111000010010	00010011011110	0	1
14	2	1	1	2	11110000000100	01011000010101	10001000100100	0	0
14	3	2	1	3	01010010100101	11101011000101	00110010111010	0	0
14	4	3	1	4	01111011000000	00010110110101	01111101101110	0	0
14	5	3	2	1	00001000011010	11000010011001	00011100011011	0	1
14	6	2	2	2	11110001010110	01010010011010	01101010110100	0	0
14	7	2	2	3	01001100011001	10001010001000	10010100111001	0	0
14	8	2	2	4	00101100111110	10101011111100	11001010100101	0	1
14	9	2	3	1	00001101010001	10111001001010	01001111100111	0	0
14	10	2	3	2	10000110101000	10000111101111	01101110010110	0	0
14	11	2	3	3	01000101010011	10001011011001	10111101101111	0	0
14	12	2	3	4	00010110001000	10100101010110	11110011101111	0	1
14	13	2	4	1	00110011001000	00000001001000	00101101011010	0	0
14	14	1	4	2	11111110010010	01101111001101	10000110001110	0	0
14	15	2	4	3	01110011101000	11110010101011	10000110100100	0	0
14	16	3	4	4	10000000110100	10011110000111	11110110011101	0	0
14	17	1	5	1	10000111000111	01100000001101	10000110000100	0	0
14	18	2	5	2	10111111111111	11010110010111	10111010001110	0	0
14	19	1	5	3	01100011000001	00111010010011	00111011100001	0	0
14	20	3	5	4	10110101001011	00000001111011	10101001011110	0	0
15	1	1	1	1	00110101110110	11100010010001	00011100000010	0	1
15	2	3	1	2	10111010001011	11111100001011	01010011100000	0	0
15	3	3	1	3	01000100000001	00000111000100	11010011011010	0	1
15	4	2	1	4	11010000110011	00010110111000	00011101111101	0	0
15	5	1	2	1	00111000110010	11111111010101	10110111110000	0	0
15	6	2	2	2	10000110100100	10101110010001	10001111111101	0	0
15	7	2	2	3	00101110000100	10100000110001	01000010110111	0	0
15	8	2	2	4	10010111101101	11010010010010	00010000001110	0	1
15	9	2	3	1	11010010101101	10011110101010	01001010100001	0	0
15	10	3	3	2	11100100001010	10010110100110	01110110100100	0	0
15	11	1	3	3	01110010110001	11011100000000	10111000110011	0	0
15	12	2	3	4	00100110011010	11100000000110	10111011100010	0	0
15	13	2	4	1	00111110111000	10110110001000	10110111111100	0	1
15	14	2	4	2	01011010010100	01101100111010	00110110100100	0	0
15	15	2	4	3	10101110101101	00111101010001	01110111001001	0	0
15	16	2	4	4	10010100011101	11010110010110	10111110100010	0	0
15	17	3	5	1	10101111101000	11101000100011	11011000011101	0	0
15	18	2	5	2	11110100001001	01001101011010	00110010101111	0	0
15	19	1	5	3	10111110010101	01111000001001	10011000111110	0	0
15	20	2	5	4	00000101110001	01110000110100	11111010001100	0	0
16	1	2	1	1	01000111011001	10000110010100	01011010000010	0	0
16	2	2	1	2	01010001000010	00011111111000	01111111111100	0	0
16	3	1	1	3	11000001010101	01111001011000	11010011010011	0	0
16	4	2	1	4	10111101101100	10100010101100	10010101011001	0	0
16	5	3	2	1	10101111011011	10100000110111	00101001111110	0	0
16	6	1	2	2	10000110011110	10100010001000	00001011001101	0	1
16	7	3	2	3	00101101000100	10111101001101	00101101010001	0	0
16	8	2	2	4	10011110111101	00111000100011	00010101110110	0	0
16	9	3	3	1	10010011010100	11001000101110	00111010010010	0	0
16	10	2	3	2	00110110110010	11111011100010	11101111000010	0	0
16	11	3	3	3	10100011111111	00110100001001	11100100001001	0	0
16	12	2	3	4	11011101101100	00001000101110	00101111110000	0	0
16	13	2	4	1	10100000000010	01001100010110	11111111010001	0	0
16	14	2	4	2	00111100001110	00110000011010	00000011001010	0	0
16	15	2	4	3	10001011011111	11010110000110	10011111110011	0	1
16	16	1	4	4	00010011100011	01000111110011	10000000000000	0	1
16	17	2	5	1	11111111010001	10100011011100	10010100110010	0	0
16	18	1	5	2	10111101111110	01011010011110	10110010110001	0	1
16	19	2	5	3	11010001011000	01101011011001	01100011111010	0	0
16	20	2	5	4	10010111101010	00110101000111	00100000111011	0	0
17	1	1	1	1	10001101000001	01001010100000	00000010100010	0	0
17	2	2	1	2	01011110011000	11100011000011	00011110100110	0	0
17	3	3	1	3	00010001001100	00100100111100	10110111000110	0	0
17	4	1	1	4	00000111100111	01001110110001	11010110010010	0	1
17	5	2	2	1	10111110000000	11101100011011	10110011100100	0	0
17	6	2	2	2	11101001101011	00011001110010	11011011001010	0	0
17	7	3	2	3	10110111100101	11011010111011	11000111111110	0	1
17	8	2	2	4	10111110011011	01110110101101	00010001010100	0	0
17	9	2	3	1	01100111100111	11111000000011	11100011110000	0	0
17	10	1	3	2	01111101000011	10110101010111	10000001101110	0	0
17	11	3	3	3	11000101101101	00100111011000	11101100000111	0	0
17	12	3	3	4	01101000100010	10001101010000	10001000111101	0	0
17	13	1	4	1	00010011110111	00011000001100	01010100010100	0	1
17	14	2	4	2	00000111000001	00010101111111	11110011000011	0	0
17	15	2	4	3	11010110000111	01001110000010	01001101000101	0	0
17	16	2	4	4	01111000000101	11110111111001	00001101000111	0	0
17	17	2	5	1	10000100100011	11010110011111	11011011101010	0	0
17	18	2	5	2	11001101011100	10001100010110	01011111000001	0	0
17	19	2	5	3	11101100101010	10011110000011	01001111000010	0	1
17	20	2	5	4	00111111101000	11101000010000	11011100110110	0	0
18	1	2	1	1	00110101101111	00011101010110	00100000110110	0	0
18	2	3	1	2	01001000010101	11111001101101	00100010100100	0	0
18	3	2	1	3	10110000100100	00011001010110	11001000111011	0	0
18	4	2	1	4	00101101001110	00100001011101	11010000000011	0	1
18	5	2	2	1	10001000010000	01011101011111	00011001110001	0	0
18	6	1	2	2	11000001101000	11101110111101	11101000111000	0	1
18	7	2	2	3	10101010001011	11011011110110	01101001110011	0	0
18	8	1	2	4	01110000010100	01001111010100	11000101100001	0	0
18	9	2	3	1	10000111111011	11001111000000	00111101001011	0	0
18	10	3	3	2	01100001101000	00101111000010	11110001000101	0	0
18	11	2	3	3	01011001011100	10101110100000	11101011110001	0	0
18	12	2	3	4	00011101000100	11000101001011	11100011000010	0	0
18	13	3	4	1	11011001110000	10110010010111	00111000100110	0	0
18	14	2	4	2	01111000000100	11011001111010	00000110110010	0	1
18	15	2	4	3	01111010111110	00101010111001	01011001010111	0	0
18	16	1	4	4	00100010110000	11001101000111	10101010101010	0	1
18	17	3	5	1	11100100110100	01001101110001	00011111110011	0	0
18	18	1	5	2	00101101010110	01101001100110	00111110111000	0	0
18	19	2	5	3	10010100000100	10011000100100	01100011110010	0	0
18	20	2	5	4	10101011101101	10101111000100	01101101110010	0	0
19	1	2	1	1	01011110111110	10101110111001	00110010000001	0	0
19	2	2	1	2	00000001110100	10100001110011	00101101110001	0	0
19	3	2	1	3	10001110000110	11011111010100	01000100110110	0	1
19	4	3	1	4	11010000011111	10000010011011	11101011011010	0	1
19	5	2	2	1	01001000011000	10000110001010	00001000111111	0	0
19	6	1	2	2	11101000111010	10110011000111	10011101011011	0	0
19	7	2	2	3	01010011111100	10010001011111	00000011100010	0	0
19	8	1	2	4	01000000011010	00011011110010	10101001011101	0	0
19	9	2	3	1	01100111100110	00011010000101	11001001101100	0	0
19	10	2	3	2	10010110111100	11100000111111	00110111101000	0	1
19	11	2	3	3	01010110001111	10110001001101	01000000111110	0	0
19	12	3	3	4	10010101001100	00011000001000	00000011001100	0	0
19	13	2	4	1	10000000001000	00101101010101	01000110010010	0	0
19	14	1	4	2	00111101101100	01110111010110	01100010110100	0	0
19	15	2	4	3	00001101100111	10000001011110	10001101101111	0	0
19	16	2	4	4	00000010111110	11100010110001	01101110001111	0	0
19	17	1	5	1	01010010011000	11010000110111	00100001010010	0	0
19	18	3	5	2	10010101111101	00010010000001	01010010000000	0	0
19	19	2	5	3	10101101000110	00000110110101	10111000010111	0	1
19	20	3	5	4	10110010001101	11111001011111	01011111000101	0	0
20	1	2	1	1	10011110110001	01001110101111	10110010001110	0	0
20	2	2	1	2	11011100000000	01001011100110	10010011000111	0	0
20	3	3	1	3	01011110110000	01000110010100	10000010101001	0	1
20	4	1	1	4	01111001101111	01111001111110	11101101110000	0	0
20	5	1	1	5	11101111000001	00010100110110	10000001111101	0	1
20	6	2	2	1	10101111101001	00010101011011	00110101111000	1	0
20	7	3	2	2	11001101000101	10001111110001	00110100001111	0	0
20	8	2	2	3	00110011111111	01010100011100	00100001101101	0	0
20	9	2	2	4	11010111110110	11000100101000	10000101000100	1	0
20	10	2	2	5	10011010110011	10110100011111	11000101100001	0	0
20	11	2	3	1	10011011010000	11010110100001	10001000011101	0	0
20	12	2	3	2	11011000000001	01011000111000	11100100001101	0	1
20	13	2	3	3	10101101100101	01101001011110	11111011110101	0	0
20	14	2	3	4	11110011000101	11001011000111	10101100111010	1	0
20	15	3	3	5	00000010001101	00000111101000	00100101110001	0	1
20	16	1	4	1	11010000001011	11101010110001	00101000111000	0	0
20	17	2	4	2	11010001010001	10111100000011	00111001010110	1	0
20	18	1	4	3	00100111000111	01110000100110	01100010111000	0	0
20	19	2	4	4	01110011110101	00010010110011	01101111000011	0	1
20	20	2	4	5	01010011100101	11100101000000	01101110110000	0	0
20	21	2	5	1	00101110100010	10011110100011	10001110001111	1	0
20	22	2	5	2	10100001000011	00000101001110	01001001111010	0	0
20	23	2	5	3	01110100110110	00011100100010	01010010110100	0	1
20	24	2	5	4	11110111100110	10101111110100	00111010000000	0	1
20	25	3	5	5	11111001000101	00010010101001	10000001101100	0	1
