1	0.524533
2	0.524533
3	0.524533
4	0.524533
5	0.524533
6	0.674065
7	0.67757
8	0.678738
9	0.678738
10	0.679907
11	0.681075
12	0.681075
13	0.691589
14	0.716121
15	0.716121
16	0.716121
17	0.85514
18	0.85514
19	0.857477
20	0.857477
21	0.858645
22	0.879673
23	0.884346
24	0.886682
25	0.886682
26	0.886682
27	0.886682
28	0.886682
29	0.886682
30	0.886682
31	0.886682
32	0.886682
33	0.886682
34	0.889019
35	0.889019
36	0.889019
37	0.889019
38	0.889019
39	0.889019
40	0.889019
41	0.889019
42	0.889019
43	0.889019
44	0.889019
45	0.890187
46	0.890187
47	0.890187
48	0.890187
49	0.890187
50	0.890187
51	0.890187
52	0.890187
53	0.890187
54	0.890187
55	0.890187
56	0.891355
57	0.891355
58	0.891355
59	0.891355
60	0.891355
61	0.891355
62	0.891355
63	0.891355
64	0.891355
65	0.891355
66	0.891355
67	0.891355
68	0.891355
69	0.891355
70	0.891355
71	0.891355
72	0.891355
73	0.891355
74	0.891355
75	0.891355
76	0.891355
77	0.891355
78	0.891355
79	0.891355
80	0.891355
81	0.891355
82	0.905374
83	0.918224
84	0.918224
85	0.918224
86	0.918224
87	0.918224
88	0.920561
89	0.920561
90	0.920561
91	0.920561
92	0.921729
93	0.921729
94	0.921729
95	0.921729
96	0.921729
97	0.921729
98	0.921729
99	0.921729
100	0.921729
101	0.921729
102	0.921729
103	0.921729
104	0.921729
105	0.921729
106	0.921729
107	0.922897
108	0.922897
109	0.922897
110	0.922897
111	0.922897
112	0.922897
113	0.922897
114	0.922897
115	0.922897
116	0.922897
117	0.922897
118	0.922897
119	0.922897
120	0.922897
121	0.922897
122	0.922897
123	0.922897
124	0.922897
125	0.922897
126	0.922897
127	0.922897
128	0.931075
129	0.931075
130	0.931075
131	0.931075
132	0.931075
133	0.931075
134	0.931075
135	0.931075
136	0.931075
137	0.931075
138	0.931075
139	0.931075
140	0.931075
141	0.931075
142	0.931075
143	0.931075
144	0.931075
145	0.931075
146	0.931075
147	0.931075
148	0.931075
149	0.931075
150	0.931075
151	0.931075
152	0.931075
153	0.931075
154	0.931075
155	0.931075
156	0.931075
157	0.931075
158	0.931075
159	0.931075
160	0.931075
161	0.931075
162	0.931075
163	0.931075
164	0.931075
165	0.931075
166	0.931075
167	0.931075
168	0.931075
169	0.931075
170	0.931075
171	0.931075
172	0.931075
173	0.931075
174	0.931075
175	0.931075
176	0.931075
177	0.931075
178	0.931075
179	0.931075
180	0.931075
181	0.931075
182	0.931075
183	0.931075
184	0.931075
185	0.931075
186	0.931075
187	0.931075
188	0.931075
189	0.931075
190	0.931075
191	0.931075
192	0.931075
193	0.931075
194	0.931075
195	0.931075
196	0.931075
197	0.931075
198	0.931075
199	0.931075
200	0.931075
201	0.931075
202	0.931075
203	0.931075
204	0.931075
205	0.931075
206	0.931075
207	0.931075
208	0.931075
209	0.931075
210	0.931075
211	0.931075
212	0.931075
213	0.931075
214	0.931075
215	0.931075
216	0.932243
217	0.932243
218	0.932243
219	0.932243
220	0.932243
221	0.932243
222	0.939252
223	0.940421
224	0.940421
225	0.941589
226	0.941589
227	0.941589
228	0.943925
229	0.943925
230	0.943925
231	0.943925
232	0.943925
233	0.943925
234	0.943925
235	0.943925
236	0.943925
237	0.943925
238	0.943925
239	0.943925
240	0.943925
241	0.943925
242	0.943925
243	0.943925
244	0.943925
245	0.943925
246	0.943925
247	0.943925
248	0.943925
249	0.943925
250	0.943925
251	0.943925
252	0.943925
253	0.943925
254	0.943925
255	0.943925
256	0.943925
257	0.943925
258	0.943925
259	0.943925
260	0.943925
261	0.943925
262	0.943925
263	0.943925
264	0.943925
265	0.943925
266	0.943925
267	0.943925
268	0.943925
269	0.943925
270	0.943925
271	0.943925
272	0.943925
273	0.943925
274	0.943925
275	0.943925
276	0.943925
277	0.943925
278	0.943925
279	0.943925
280	0.943925
281	0.943925
282	0.943925
283	0.943925
284	0.943925
285	0.943925
286	0.943925
287	0.943925
288	0.943925
289	0.943925
290	0.943925
291	0.943925
292	0.943925
293	0.943925
294	0.943925
295	0.943925
296	0.943925
297	0.943925
298	0.943925
299	0.943925
300	0.943925
301	0.943925
302	0.943925
303	0.943925
304	0.943925
305	0.943925
306	0.943925
307	0.943925
308	0.943925
309	0.943925
310	0.943925
311	0.943925
312	0.943925
313	0.943925
314	0.943925
315	0.943925
316	0.943925
317	0.943925
318	0.943925
319	0.943925
320	0.943925
321	0.943925
322	0.943925
323	0.943925
324	0.943925
325	0.943925
326	0.943925
327	0.943925
328	0.943925
329	0.943925
330	0.943925
331	0.943925
332	0.943925
333	0.943925
334	0.943925
335	0.943925
336	0.943925
337	0.943925
338	0.943925
339	0.943925
340	0.943925
341	0.943925
342	0.943925
343	0.943925
344	0.943925
345	0.943925
346	0.943925
347	0.943925
348	0.943925
349	0.943925
350	0.943925
351	0.943925
352	0.943925
353	0.943925
354	0.943925
355	0.943925
356	0.943925
357	0.943925
358	0.943925
359	0.943925
360	0.943925
361	0.943925
362	0.943925
363	0.943925
364	0.943925
365	0.943925
366	0.943925
367	0.943925
368	0.943925
369	0.943925
370	0.943925
371	0.943925
372	0.943925
373	0.943925
374	0.943925
375	0.943925
376	0.943925
377	0.943925
378	0.943925
379	0.943925
380	0.943925
381	0.943925
382	0.943925
383	0.943925
384	0.943925
385	0.943925
386	0.943925
387	0.943925
388	0.943925
389	0.943925
390	0.943925
391	0.943925
392	0.943925
393	0.943925
394	0.943925
395	0.943925
396	0.943925
397	0.943925
398	0.943925
399	0.943925
400	0.943925
401	0.943925
402	0.943925
403	0.943925
404	0.943925
405	0.943925
406	0.943925
407	0.943925
408	0.943925
409	0.943925
410	0.943925
411	0.943925
412	0.943925
413	0.943925
414	0.943925
415	0.943925
416	0.943925
417	0.943925
418	0.943925
419	0.943925
420	0.943925
421	0.943925
422	0.943925
423	0.943925
424	0.943925
425	0.943925
426	0.943925
427	0.943925
428	0.943925
429	0.943925
430	0.943925
431	0.943925
432	0.943925
433	0.943925
434	0.943925
435	0.943925
436	0.943925
437	0.943925
438	0.943925
439	0.943925
440	0.943925
441	0.943925
442	0.943925
443	0.943925
444	0.943925
445	0.943925
446	0.943925
447	0.943925
448	0.943925
449	0.943925
450	0.943925
451	0.943925
452	0.943925
453	0.943925
454	0.943925
455	0.943925
456	0.943925
457	0.943925
458	0.943925
459	0.943925
460	0.943925
461	0.943925
462	0.943925
463	0.943925
464	0.943925
465	0.943925
466	0.943925
467	0.943925
468	0.943925
469	0.943925
470	0.943925
471	0.945093
472	0.945093
473	0.945093
474	0.945093
475	0.945093
476	0.945093
477	0.945093
478	0.945093
479	0.945093
480	0.945093
481	0.945093
482	0.945093
483	0.945093
484	0.945093
485	0.945093
486	0.945093
487	0.945093
488	0.945093
489	0.945093
490	0.945093
491	0.945093
492	0.945093
493	0.945093
494	0.945093
495	0.945093
496	0.945093
497	0.945093
498	0.945093
499	0.945093
500	0.945093
501	0.945093
502	0.945093
503	0.945093
504	0.945093
505	0.945093
506	0.946262
507	0.946262
508	0.946262
509	0.946262
510	0.946262
511	0.946262
512	0.946262
513	0.946262
514	0.946262
515	0.946262
516	0.946262
517	0.94743
518	0.94743
519	0.94743
520	0.94743
521	0.94743
522	0.94743
523	0.94743
524	0.94743
525	0.94743
526	0.94743
527	0.94743
528	0.94743
529	0.94743
530	0.94743
531	0.94743
532	0.94743
533	0.94743
534	0.94743
535	0.94743
536	0.94743
537	0.94743
538	0.94743
539	0.94743
540	0.94743
541	0.94743
542	0.94743
543	0.94743
544	0.94743
545	0.94743
546	0.94743
547	0.94743
548	0.94743
549	0.94743
550	0.94743
551	0.94743
552	0.94743
553	0.94743
554	0.94743
555	0.94743
556	0.94743
557	0.94743
558	0.94743
559	0.94743
560	0.94743
561	0.94743
562	0.94743
563	0.94743
564	0.94743
565	0.94743
566	0.94743
567	0.94743
568	0.94743
569	0.94743
570	0.94743
571	0.94743
572	0.94743
573	0.94743
574	0.94743
575	0.94743
576	0.94743
577	0.94743
578	0.94743
579	0.94743
580	0.94743
581	0.94743
582	0.94743
583	0.94743
584	0.94743
585	0.94743
586	0.94743
587	0.94743
588	0.94743
589	0.94743
590	0.94743
591	0.94743
592	0.94743
593	0.94743
594	0.94743
595	0.94743
596	0.94743
597	0.94743
598	0.94743
599	0.94743
600	0.94743
601	0.94743
602	0.94743
603	0.94743
604	0.94743
605	0.94743
606	0.94743
607	0.94743
608	0.94743
609	0.94743
610	0.94743
611	0.94743
612	0.94743
613	0.94743
614	0.94743
615	0.94743
616	0.94743
617	0.94743
618	0.94743
619	0.94743
620	0.94743
621	0.94743
622	0.94743
623	0.94743
624	0.94743
625	0.94743
626	0.94743
627	0.94743
628	0.94743
629	0.94743
630	0.94743
631	0.94743
632	0.94743
633	0.94743
634	0.94743
635	0.94743
636	0.94743
637	0.94743
638	0.94743
639	0.94743
640	0.94743
641	0.94743
642	0.94743
643	0.949766
644	0.950935
645	0.950935
646	0.950935
647	0.950935
648	0.950935
649	0.950935
650	0.950935
651	0.950935
652	0.950935
653	0.950935
654	0.950935
655	0.950935
656	0.950935
657	0.950935
658	0.950935
659	0.950935
660	0.950935
661	0.950935
662	0.950935
663	0.950935
664	0.950935
665	0.950935
666	0.950935
667	0.950935
668	0.950935
669	0.950935
670	0.950935
671	0.950935
672	0.950935
673	0.950935
674	0.950935
675	0.950935
676	0.950935
677	0.950935
678	0.950935
679	0.950935
680	0.950935
681	0.950935
682	0.950935
683	0.950935
684	0.950935
685	0.950935
686	0.950935
687	0.950935
688	0.950935
689	0.950935
690	0.950935
691	0.950935
692	0.950935
693	0.950935
694	0.950935
695	0.950935
696	0.950935
697	0.950935
698	0.950935
699	0.950935
700	0.950935
701	0.950935
702	0.950935
703	0.950935
704	0.950935
705	0.950935
706	0.950935
707	0.950935
708	0.950935
709	0.950935
710	0.950935
711	0.950935
712	0.950935
713	0.950935
714	0.950935
715	0.950935
716	0.950935
717	0.950935
718	0.950935
719	0.950935
720	0.950935
721	0.950935
722	0.950935
723	0.950935
724	0.950935
725	0.950935
726	0.950935
727	0.950935
728	0.950935
729	0.950935
730	0.950935
731	0.950935
732	0.950935
733	0.950935
734	0.950935
735	0.950935
736	0.950935
737	0.950935
738	0.950935
739	0.950935
740	0.950935
741	0.950935
742	0.950935
743	0.950935
744	0.950935
745	0.950935
746	0.950935
747	0.950935
748	0.950935
749	0.950935
750	0.950935
751	0.950935
752	0.950935
753	0.950935
754	0.950935
755	0.950935
756	0.950935
757	0.950935
758	0.950935
759	0.950935
760	0.950935
761	0.950935
762	0.950935
763	0.950935
764	0.950935
765	0.950935
766	0.950935
767	0.950935
768	0.950935
769	0.950935
770	0.950935
771	0.950935
772	0.950935
773	0.950935
774	0.950935
775	0.950935
776	0.950935
777	0.950935
778	0.950935
779	0.950935
780	0.950935
781	0.950935
782	0.950935
783	0.950935
784	0.950935
785	0.950935
786	0.950935
787	0.950935
788	0.950935
789	0.950935
790	0.950935
791	0.950935
792	0.950935
793	0.950935
794	0.950935
795	0.950935
796	0.950935
797	0.950935
798	0.950935
799	0.950935
800	0.950935
801	0.950935
802	0.950935
803	0.950935
804	0.950935
805	0.950935
806	0.950935
807	0.950935
808	0.950935
809	0.950935
810	0.950935
811	0.950935
812	0.950935
813	0.950935
814	0.950935
815	0.950935
816	0.950935
817	0.950935
818	0.950935
819	0.950935
820	0.950935
821	0.950935
822	0.950935
823	0.950935
824	0.950935
825	0.950935
826	0.950935
827	0.950935
828	0.950935
829	0.950935
830	0.950935
831	0.950935
832	0.950935
833	0.950935
834	0.950935
835	0.950935
836	0.950935
837	0.950935
838	0.950935
839	0.950935
840	0.950935
841	0.950935
842	0.950935
843	0.950935
844	0.950935
845	0.950935
846	0.950935
847	0.950935
848	0.950935
849	0.950935
850	0.950935
851	0.950935
852	0.950935
853	0.950935
854	0.950935
855	0.950935
856	0.950935
857	0.950935
858	0.950935
859	0.950935
860	0.950935
861	0.950935
862	0.950935
863	0.950935
864	0.950935
865	0.950935
866	0.950935
867	0.950935
868	0.950935
869	0.950935
870	0.950935
871	0.950935
872	0.950935
873	0.950935
874	0.950935
875	0.950935
876	0.950935
877	0.950935
878	0.950935
879	0.950935
880	0.950935
881	0.950935
882	0.950935
883	0.950935
884	0.950935
885	0.950935
886	0.950935
887	0.952103
888	0.952103
889	0.952103
890	0.952103
891	0.952103
892	0.952103
893	0.952103
894	0.952103
895	0.952103
896	0.952103
897	0.952103
898	0.952103
899	0.952103
900	0.952103
901	0.952103
902	0.952103
903	0.952103
904	0.952103
905	0.952103
906	0.952103
907	0.952103
908	0.952103
909	0.952103
910	0.952103
911	0.952103
912	0.952103
913	0.952103
914	0.952103
915	0.952103
916	0.952103
917	0.952103
918	0.952103
919	0.952103
920	0.952103
921	0.952103
922	0.952103
923	0.952103
924	0.952103
925	0.952103
926	0.952103
927	0.952103
928	0.952103
929	0.952103
930	0.952103
931	0.952103
932	0.952103
933	0.952103
934	0.952103
935	0.952103
936	0.952103
937	0.952103
938	0.952103
939	0.952103
940	0.952103
941	0.952103
942	0.952103
943	0.952103
944	0.952103
945	0.952103
946	0.952103
947	0.952103
948	0.953271
949	0.953271
950	0.953271
951	0.953271
952	0.953271
953	0.953271
954	0.953271
955	0.953271
956	0.953271
957	0.953271
958	0.953271
959	0.953271
960	0.953271
961	0.953271
962	0.953271
963	0.953271
964	0.953271
965	0.953271
966	0.953271
967	0.953271
968	0.953271
969	0.953271
970	0.953271
971	0.953271
972	0.953271
973	0.954439
974	0.954439
975	0.954439
976	0.954439
977	0.954439
978	0.954439
979	0.954439
980	0.954439
981	0.954439
982	0.954439
983	0.954439
984	0.954439
985	0.954439
986	0.954439
987	0.954439
988	0.954439
989	0.954439
990	0.954439
991	0.954439
992	0.954439
993	0.954439
994	0.954439
995	0.954439
996	0.954439
997	0.954439
998	0.954439
999	0.954439
1000	0.954439
1001	0.954439
1002	0.954439
1003	0.954439
1004	0.954439
1005	0.954439
1006	0.954439
1007	0.954439
1008	0.954439
1009	0.954439
1010	0.954439
1011	0.954439
1012	0.954439
1013	0.954439
1014	0.954439
1015	0.954439
1016	0.954439
1017	0.954439
1018	0.954439
1019	0.954439
1020	0.954439
1021	0.954439
1022	0.954439
1023	0.954439
1024	0.954439
1025	0.954439
1026	0.954439
1027	0.954439
1028	0.954439
1029	0.954439
1030	0.954439
1031	0.954439
1032	0.954439
1033	0.954439
1034	0.954439
1035	0.954439
1036	0.954439
1037	0.954439
1038	0.954439
1039	0.954439
1040	0.954439
1041	0.954439
1042	0.954439
1043	0.954439
1044	0.954439
1045	0.954439
1046	0.954439
1047	0.954439
1048	0.954439
1049	0.954439
1050	0.954439
1051	0.954439
1052	0.954439
1053	0.954439
1054	0.954439
1055	0.954439
1056	0.954439
1057	0.954439
1058	0.954439
1059	0.954439
1060	0.954439
1061	0.954439
1062	0.954439
1063	0.954439
1064	0.954439
1065	0.954439
1066	0.954439
1067	0.954439
1068	0.954439
1069	0.954439
1070	0.954439
1071	0.954439
1072	0.954439
1073	0.954439
1074	0.954439
1075	0.954439
1076	0.954439
1077	0.954439
1078	0.954439
1079	0.954439
1080	0.954439
1081	0.954439
1082	0.954439
1083	0.954439
1084	0.954439
1085	0.954439
1086	0.954439
1087	0.954439
1088	0.954439
1089	0.954439
1090	0.954439
1091	0.954439
1092	0.954439
1093	0.954439
1094	0.954439
1095	0.954439
1096	0.954439
1097	0.954439
1098	0.954439
1099	0.954439
1100	0.954439
1101	0.954439
1102	0.954439
1103	0.954439
1104	0.954439
1105	0.954439
1106	0.954439
1107	0.954439
1108	0.954439
1109	0.954439
1110	0.954439
1111	0.954439
1112	0.954439
1113	0.954439
1114	0.954439
1115	0.954439
1116	0.954439
1117	0.954439
1118	0.954439
1119	0.954439
1120	0.954439
1121	0.954439
1122	0.954439
1123	0.954439
1124	0.954439
1125	0.954439
1126	0.954439
1127	0.954439
1128	0.954439
1129	0.954439
1130	0.954439
1131	0.954439
1132	0.954439
1133	0.954439
1134	0.954439
1135	0.954439
1136	0.954439
1137	0.955607
1138	0.955607
1139	0.955607
1140	0.955607
1141	0.955607
1142	0.955607
1143	0.955607
1144	0.955607
1145	0.955607
1146	0.955607
1147	0.955607
1148	0.955607
1149	0.955607
1150	0.955607
1151	0.955607
1152	0.955607
1153	0.955607
1154	0.955607
1155	0.955607
1156	0.955607
1157	0.955607
1158	0.955607
1159	0.955607
1160	0.955607
1161	0.955607
1162	0.955607
1163	0.955607
1164	0.955607
1165	0.955607
1166	0.955607
1167	0.955607
1168	0.955607
1169	0.955607
1170	0.955607
1171	0.955607
1172	0.955607
1173	0.955607
1174	0.955607
1175	0.955607
1176	0.955607
1177	0.955607
1178	0.955607
1179	0.955607
1180	0.955607
1181	0.955607
1182	0.955607
1183	0.955607
1184	0.955607
1185	0.955607
1186	0.955607
1187	0.955607
1188	0.955607
1189	0.955607
1190	0.955607
1191	0.955607
1192	0.955607
1193	0.955607
1194	0.955607
1195	0.955607
1196	0.955607
1197	0.955607
1198	0.955607
1199	0.955607
1200	0.955607
1201	0.955607
1202	0.955607
1203	0.955607
1204	0.955607
1205	0.955607
1206	0.955607
1207	0.955607
1208	0.955607
1209	0.955607
1210	0.955607
1211	0.955607
1212	0.955607
1213	0.955607
1214	0.955607
1215	0.955607
1216	0.955607
1217	0.955607
1218	0.955607
1219	0.955607
1220	0.955607
1221	0.955607
1222	0.955607
1223	0.955607
1224	0.955607
1225	0.955607
1226	0.955607
1227	0.955607
1228	0.955607
1229	0.955607
1230	0.955607
1231	0.955607
1232	0.955607
1233	0.955607
1234	0.955607
1235	0.955607
1236	0.955607
1237	0.955607
1238	0.955607
1239	0.955607
1240	0.955607
1241	0.955607
1242	0.955607
1243	0.955607
1244	0.955607
1245	0.955607
1246	0.955607
1247	0.955607
1248	0.955607
1249	0.955607
1250	0.955607
1251	0.955607
1252	0.955607
1253	0.955607
1254	0.955607
1255	0.955607
1256	0.955607
1257	0.955607
1258	0.955607
1259	0.955607
1260	0.955607
1261	0.955607
1262	0.955607
1263	0.955607
1264	0.955607
1265	0.955607
1266	0.955607
1267	0.955607
1268	0.955607
1269	0.955607
1270	0.955607
1271	0.955607
1272	0.955607
1273	0.955607
1274	0.955607
1275	0.955607
1276	0.955607
1277	0.955607
1278	0.955607
1279	0.955607
1280	0.955607
1281	0.955607
1282	0.955607
1283	0.955607
1284	0.955607
1285	0.955607
1286	0.955607
1287	0.955607
1288	0.955607
1289	0.955607
1290	0.955607
1291	0.955607
1292	0.955607
1293	0.955607
1294	0.955607
1295	0.955607
1296	0.955607
1297	0.955607
1298	0.955607
1299	0.955607
1300	0.955607
1301	0.955607
1302	0.955607
1303	0.955607
1304	0.955607
1305	0.955607
1306	0.955607
1307	0.955607
1308	0.955607
1309	0.955607
1310	0.955607
1311	0.955607
1312	0.955607
1313	0.955607
1314	0.955607
1315	0.955607
1316	0.955607
1317	0.955607
1318	0.955607
1319	0.955607
1320	0.955607
1321	0.955607
1322	0.955607
1323	0.955607
1324	0.955607
1325	0.955607
1326	0.955607
1327	0.955607
1328	0.955607
1329	0.955607
1330	0.955607
1331	0.955607
1332	0.955607
1333	0.955607
1334	0.955607
1335	0.955607
1336	0.955607
1337	0.955607
1338	0.955607
1339	0.955607
1340	0.955607
1341	0.955607
1342	0.955607
1343	0.955607
1344	0.955607
1345	0.955607
1346	0.955607
1347	0.955607
1348	0.955607
1349	0.955607
1350	0.955607
1351	0.955607
1352	0.955607
1353	0.955607
1354	0.955607
1355	0.955607
1356	0.955607
1357	0.955607
1358	0.955607
1359	0.955607
1360	0.955607
1361	0.955607
1362	0.955607
1363	0.955607
1364	0.955607
1365	0.955607
1366	0.955607
1367	0.955607
1368	0.955607
1369	0.955607
1370	0.955607
1371	0.955607
1372	0.955607
1373	0.955607
1374	0.955607
1375	0.955607
1376	0.955607
1377	0.955607
1378	0.955607
1379	0.955607
1380	0.955607
1381	0.955607
1382	0.955607
1383	0.955607
1384	0.955607
1385	0.955607
1386	0.955607
1387	0.955607
1388	0.955607
1389	0.955607
1390	0.955607
1391	0.955607
1392	0.955607
1393	0.955607
1394	0.955607
1395	0.955607
1396	0.955607
1397	0.955607
1398	0.955607
1399	0.955607
1400	0.955607
1401	0.955607
1402	0.955607
1403	0.955607
1404	0.955607
1405	0.955607
1406	0.955607
1407	0.955607
1408	0.955607
1409	0.955607
1410	0.955607
1411	0.955607
1412	0.955607
1413	0.955607
1414	0.955607
1415	0.955607
1416	0.955607
1417	0.955607
1418	0.955607
1419	0.955607
1420	0.955607
1421	0.955607
1422	0.955607
1423	0.955607
1424	0.955607
1425	0.955607
1426	0.955607
1427	0.955607
1428	0.955607
1429	0.955607
1430	0.955607
1431	0.955607
1432	0.955607
1433	0.955607
1434	0.955607
1435	0.955607
1436	0.955607
1437	0.955607
1438	0.955607
1439	0.955607
1440	0.955607
1441	0.955607
1442	0.955607
1443	0.955607
1444	0.955607
1445	0.955607
1446	0.955607
1447	0.955607
1448	0.955607
1449	0.955607
1450	0.955607
1451	0.955607
1452	0.955607
1453	0.955607
1454	0.955607
1455	0.955607
1456	0.955607
1457	0.955607
1458	0.955607
1459	0.955607
1460	0.955607
1461	0.955607
1462	0.955607
1463	0.955607
1464	0.955607
1465	0.955607
1466	0.955607
1467	0.955607
1468	0.955607
1469	0.955607
1470	0.955607
1471	0.955607
1472	0.955607
1473	0.955607
1474	0.955607
1475	0.955607
1476	0.955607
1477	0.955607
1478	0.955607
1479	0.955607
1480	0.955607
1481	0.955607
1482	0.955607
1483	0.955607
1484	0.955607
1485	0.955607
1486	0.955607
1487	0.955607
1488	0.955607
1489	0.955607
1490	0.955607
1491	0.955607
1492	0.955607
1493	0.955607
1494	0.955607
1495	0.955607
1496	0.955607
1497	0.955607
1498	0.955607
1499	0.955607
1500	0.955607
1501	0.955607
1502	0.955607
1503	0.955607
1504	0.955607
1505	0.955607
1506	0.955607
1507	0.955607
1508	0.955607
1509	0.955607
1510	0.955607
1511	0.955607
1512	0.955607
1513	0.955607
1514	0.955607
1515	0.955607
1516	0.955607
1517	0.955607
1518	0.955607
1519	0.955607
1520	0.955607
1521	0.955607
1522	0.955607
1523	0.955607
1524	0.955607
1525	0.955607
1526	0.955607
1527	0.955607
1528	0.955607
1529	0.955607
1530	0.955607
1531	0.955607
1532	0.955607
1533	0.955607
1534	0.955607
1535	0.955607
1536	0.955607
1537	0.955607
1538	0.955607
1539	0.955607
1540	0.955607
1541	0.955607
1542	0.955607
1543	0.955607
1544	0.955607
1545	0.955607
1546	0.955607
1547	0.955607
1548	0.955607
1549	0.955607
1550	0.955607
1551	0.955607
1552	0.955607
1553	0.955607
1554	0.955607
1555	0.955607
1556	0.955607
1557	0.955607
1558	0.955607
1559	0.955607
1560	0.955607
1561	0.955607
1562	0.955607
1563	0.955607
1564	0.955607
1565	0.955607
1566	0.955607
1567	0.955607
1568	0.955607
1569	0.955607
1570	0.955607
1571	0.955607
1572	0.955607
1573	0.955607
1574	0.955607
1575	0.955607
1576	0.955607
1577	0.955607
1578	0.955607
1579	0.955607
1580	0.955607
1581	0.955607
1582	0.955607
1583	0.955607
1584	0.955607
1585	0.955607
1586	0.955607
1587	0.955607
1588	0.955607
1589	0.955607
1590	0.955607
1591	0.955607
1592	0.955607
1593	0.955607
1594	0.955607
1595	0.955607
1596	0.955607
1597	0.955607
1598	0.955607
1599	0.955607
1600	0.955607
1601	0.955607
1602	0.955607
1603	0.955607
1604	0.955607
1605	0.955607
1606	0.955607
1607	0.955607
1608	0.955607
1609	0.955607
1610	0.955607
1611	0.955607
1612	0.955607
1613	0.955607
1614	0.955607
1615	0.955607
1616	0.955607
1617	0.955607
1618	0.955607
1619	0.955607
1620	0.955607
1621	0.955607
1622	0.955607
1623	0.955607
1624	0.955607
1625	0.955607
1626	0.955607
1627	0.955607
1628	0.955607
1629	0.955607
1630	0.955607
1631	0.955607
1632	0.955607
1633	0.955607
1634	0.955607
1635	0.955607
1636	0.955607
1637	0.955607
1638	0.955607
1639	0.955607
1640	0.955607
1641	0.955607
1642	0.955607
1643	0.955607
1644	0.955607
1645	0.955607
1646	0.955607
1647	0.955607
1648	0.955607
1649	0.955607
1650	0.955607
1651	0.955607
1652	0.955607
1653	0.955607
1654	0.955607
1655	0.955607
1656	0.955607
1657	0.955607
1658	0.955607
1659	0.955607
1660	0.955607
1661	0.955607
1662	0.955607
1663	0.955607
1664	0.955607
1665	0.955607
1666	0.955607
1667	0.955607
1668	0.955607
1669	0.955607
1670	0.955607
1671	0.955607
1672	0.955607
1673	0.955607
1674	0.955607
1675	0.955607
1676	0.955607
1677	0.955607
1678	0.955607
1679	0.955607
1680	0.955607
1681	0.955607
1682	0.955607
1683	0.955607
1684	0.955607
1685	0.955607
1686	0.955607
1687	0.955607
1688	0.955607
1689	0.955607
1690	0.955607
1691	0.955607
1692	0.955607
1693	0.955607
1694	0.955607
1695	0.955607
1696	0.957944
1697	0.957944
1698	0.957944
1699	0.957944
1700	0.959112
1701	0.959112
1702	0.959112
1703	0.959112
1704	0.959112
1705	0.959112
1706	0.959112
1707	0.959112
1708	0.959112
1709	0.959112
1710	0.959112
1711	0.959112
1712	0.959112
1713	0.959112
1714	0.959112
1715	0.959112
1716	0.959112
1717	0.959112
1718	0.959112
1719	0.959112
1720	0.959112
1721	0.959112
1722	0.959112
1723	0.959112
1724	0.959112
1725	0.959112
1726	0.959112
1727	0.959112
1728	0.959112
1729	0.959112
1730	0.959112
1731	0.959112
1732	0.959112
1733	0.959112
1734	0.959112
1735	0.959112
1736	0.959112
1737	0.959112
1738	0.961449
1739	0.961449
1740	0.961449
1741	0.961449
1742	0.961449
1743	0.961449
1744	0.961449
1745	0.961449
1746	0.961449
1747	0.961449
1748	0.961449
1749	0.961449
1750	0.961449
1751	0.961449
1752	0.961449
1753	0.961449
1754	0.961449
1755	0.961449
1756	0.961449
1757	0.961449
1758	0.961449
1759	0.961449
1760	0.961449
1761	0.961449
1762	0.961449
1763	0.961449
1764	0.961449
1765	0.961449
1766	0.961449
1767	0.961449
1768	0.961449
1769	0.961449
1770	0.961449
1771	0.961449
1772	0.961449
1773	0.961449
1774	0.961449
1775	0.961449
1776	0.961449
1777	0.961449
1778	0.961449
1779	0.961449
1780	0.961449
1781	0.961449
1782	0.961449
1783	0.961449
1784	0.961449
1785	0.961449
1786	0.961449
1787	0.961449
1788	0.961449
1789	0.961449
1790	0.961449
1791	0.961449
1792	0.961449
1793	0.961449
1794	0.961449
1795	0.961449
1796	0.961449
1797	0.961449
1798	0.961449
1799	0.961449
1800	0.961449
1801	0.961449
1802	0.961449
1803	0.961449
1804	0.961449
1805	0.961449
1806	0.961449
1807	0.961449
1808	0.961449
1809	0.961449
1810	0.961449
1811	0.961449
1812	0.961449
1813	0.961449
1814	0.961449
1815	0.961449
1816	0.961449
1817	0.961449
1818	0.961449
1819	0.961449
1820	0.961449
1821	0.961449
1822	0.961449
1823	0.961449
1824	0.961449
1825	0.961449
1826	0.961449
1827	0.961449
1828	0.961449
1829	0.961449
1830	0.961449
1831	0.961449
1832	0.961449
1833	0.961449
1834	0.961449
1835	0.961449
1836	0.961449
1837	0.961449
1838	0.961449
1839	0.961449
1840	0.961449
1841	0.961449
1842	0.961449
1843	0.961449
1844	0.961449
1845	0.961449
1846	0.961449
1847	0.961449
1848	0.961449
1849	0.961449
1850	0.961449
1851	0.961449
1852	0.961449
1853	0.961449
1854	0.961449
1855	0.961449
1856	0.961449
1857	0.961449
1858	0.961449
1859	0.961449
1860	0.961449
1861	0.961449
1862	0.961449
1863	0.961449
1864	0.961449
1865	0.961449
1866	0.961449
1867	0.961449
1868	0.961449
1869	0.961449
1870	0.961449
1871	0.961449
1872	0.961449
1873	0.961449
1874	0.961449
1875	0.961449
1876	0.961449
1877	0.961449
1878	0.961449
1879	0.961449
1880	0.961449
1881	0.961449
1882	0.961449
1883	0.961449
1884	0.961449
1885	0.961449
1886	0.961449
1887	0.961449
1888	0.961449
1889	0.961449
1890	0.961449
1891	0.961449
1892	0.961449
1893	0.961449
1894	0.961449
1895	0.961449
1896	0.961449
1897	0.961449
1898	0.961449
1899	0.961449
1900	0.961449
1901	0.961449
1902	0.961449
1903	0.961449
1904	0.961449
1905	0.961449
1906	0.961449
1907	0.961449
1908	0.961449
1909	0.961449
1910	0.961449
1911	0.961449
1912	0.961449
1913	0.961449
1914	0.961449
1915	0.961449
1916	0.961449
1917	0.961449
1918	0.961449
1919	0.961449
1920	0.961449
1921	0.961449
1922	0.961449
1923	0.961449
1924	0.961449
1925	0.961449
1926	0.961449
1927	0.961449
1928	0.961449
1929	0.961449
1930	0.961449
1931	0.961449
1932	0.961449
1933	0.961449
1934	0.961449
1935	0.961449
1936	0.961449
1937	0.961449
1938	0.961449
1939	0.961449
1940	0.961449
1941	0.961449
1942	0.961449
1943	0.961449
1944	0.961449
1945	0.961449
1946	0.961449
1947	0.961449
1948	0.961449
1949	0.961449
1950	0.961449
1951	0.961449
1952	0.961449
1953	0.961449
1954	0.961449
1955	0.961449
1956	0.961449
1957	0.961449
1958	0.961449
1959	0.961449
1960	0.961449
1961	0.961449
1962	0.961449
1963	0.961449
1964	0.961449
1965	0.961449
1966	0.961449
1967	0.961449
1968	0.961449
1969	0.961449
1970	0.961449
1971	0.961449
1972	0.961449
1973	0.961449
1974	0.961449
1975	0.961449
1976	0.961449
1977	0.961449
1978	0.961449
1979	0.961449
1980	0.961449
1981	0.961449
1982	0.961449
1983	0.961449
1984	0.961449
1985	0.961449
1986	0.961449
1987	0.961449
1988	0.961449
1989	0.961449
1990	0.961449
1991	0.961449
1992	0.961449
1993	0.961449
1994	0.961449
1995	0.961449
1996	0.961449
1997	0.961449
1998	0.961449
1999	0.961449
2000	0.961449
2001	0.961449
2002	0.961449
2003	0.961449
2004	0.961449
2005	0.961449
2006	0.961449
2007	0.961449
2008	0.961449
2009	0.961449
2010	0.961449
2011	0.961449
2012	0.961449
2013	0.961449
2014	0.961449
2015	0.961449
2016	0.961449
2017	0.961449
2018	0.961449
2019	0.961449
2020	0.961449
2021	0.961449
2022	0.961449
2023	0.961449
2024	0.961449
2025	0.961449
2026	0.961449
2027	0.961449
2028	0.961449
2029	0.961449
2030	0.961449
2031	0.961449
2032	0.961449
2033	0.961449
2034	0.961449
2035	0.961449
2036	0.961449
2037	0.961449
2038	0.961449
2039	0.961449
2040	0.961449
2041	0.961449
2042	0.961449
2043	0.961449
2044	0.961449
2045	0.961449
2046	0.961449
2047	0.961449
2048	0.961449
2049	0.961449
2050	0.961449
2051	0.961449
2052	0.961449
2053	0.961449
2054	0.961449
2055	0.961449
2056	0.961449
2057	0.961449
2058	0.961449
2059	0.961449
2060	0.961449
2061	0.961449
2062	0.961449
2063	0.961449
2064	0.961449
2065	0.961449
2066	0.961449
2067	0.961449
2068	0.961449
2069	0.961449
2070	0.961449
2071	0.961449
2072	0.961449
2073	0.961449
2074	0.961449
2075	0.961449
2076	0.961449
2077	0.961449
2078	0.961449
2079	0.961449
2080	0.961449
2081	0.961449
2082	0.961449
2083	0.961449
2084	0.961449
2085	0.961449
2086	0.961449
2087	0.961449
2088	0.961449
2089	0.961449
2090	0.961449
2091	0.961449
2092	0.961449
2093	0.961449
2094	0.961449
2095	0.961449
2096	0.961449
2097	0.961449
2098	0.961449
2099	0.961449
2100	0.961449
2101	0.961449
2102	0.961449
2103	0.961449
2104	0.961449
2105	0.961449
2106	0.961449
2107	0.961449
2108	0.961449
2109	0.961449
2110	0.961449
2111	0.961449
2112	0.961449
2113	0.961449
2114	0.961449
2115	0.961449
2116	0.961449
2117	0.961449
2118	0.961449
2119	0.961449
2120	0.961449
2121	0.961449
2122	0.961449
2123	0.961449
2124	0.961449
2125	0.961449
2126	0.961449
2127	0.961449
2128	0.961449
2129	0.961449
2130	0.961449
2131	0.961449
2132	0.961449
2133	0.961449
2134	0.961449
2135	0.961449
2136	0.961449
2137	0.961449
2138	0.961449
2139	0.961449
2140	0.961449
2141	0.961449
2142	0.961449
2143	0.961449
2144	0.961449
2145	0.961449
2146	0.961449
2147	0.961449
2148	0.961449
2149	0.961449
2150	0.961449
2151	0.961449
2152	0.961449
2153	0.961449
2154	0.961449
2155	0.961449
2156	0.961449
2157	0.961449
2158	0.961449
2159	0.961449
2160	0.961449
2161	0.961449
2162	0.961449
2163	0.961449
2164	0.961449
2165	0.961449
2166	0.961449
2167	0.961449
2168	0.961449
2169	0.961449
2170	0.961449
2171	0.961449
2172	0.961449
2173	0.961449
2174	0.961449
2175	0.961449
2176	0.961449
2177	0.961449
2178	0.961449
2179	0.961449
2180	0.961449
2181	0.961449
2182	0.961449
2183	0.961449
2184	0.961449
2185	0.961449
2186	0.961449
2187	0.961449
2188	0.961449
2189	0.961449
2190	0.961449
2191	0.961449
2192	0.961449
2193	0.961449
2194	0.961449
2195	0.961449
2196	0.961449
2197	0.961449
2198	0.961449
2199	0.961449
2200	0.961449
2201	0.961449
2202	0.961449
2203	0.961449
2204	0.961449
2205	0.961449
2206	0.961449
2207	0.961449
2208	0.961449
2209	0.961449
2210	0.961449
2211	0.961449
2212	0.961449
2213	0.961449
2214	0.961449
2215	0.961449
2216	0.961449
2217	0.961449
2218	0.961449
2219	0.961449
2220	0.961449
2221	0.961449
2222	0.961449
2223	0.961449
2224	0.961449
2225	0.961449
2226	0.961449
2227	0.961449
2228	0.961449
2229	0.961449
2230	0.961449
2231	0.961449
2232	0.961449
2233	0.961449
2234	0.961449
2235	0.961449
2236	0.961449
2237	0.961449
2238	0.961449
2239	0.961449
2240	0.961449
2241	0.961449
2242	0.961449
2243	0.961449
2244	0.961449
2245	0.961449
2246	0.961449
2247	0.961449
2248	0.961449
2249	0.961449
2250	0.961449
2251	0.961449
2252	0.961449
2253	0.961449
2254	0.961449
2255	0.961449
2256	0.961449
2257	0.961449
2258	0.961449
2259	0.961449
2260	0.961449
2261	0.961449
2262	0.961449
2263	0.961449
2264	0.961449
2265	0.961449
2266	0.961449
2267	0.961449
2268	0.961449
2269	0.961449
2270	0.961449
2271	0.961449
2272	0.961449
2273	0.961449
2274	0.961449
2275	0.961449
2276	0.961449
2277	0.961449
2278	0.961449
2279	0.961449
2280	0.961449
2281	0.961449
2282	0.961449
2283	0.961449
2284	0.961449
2285	0.961449
2286	0.961449
2287	0.961449
2288	0.961449
2289	0.961449
2290	0.961449
2291	0.961449
2292	0.961449
2293	0.961449
2294	0.961449
2295	0.961449
2296	0.961449
2297	0.961449
2298	0.961449
2299	0.961449
2300	0.961449
2301	0.961449
2302	0.961449
2303	0.961449
2304	0.961449
2305	0.961449
2306	0.961449
2307	0.961449
2308	0.961449
2309	0.961449
2310	0.961449
2311	0.961449
2312	0.961449
2313	0.961449
2314	0.961449
2315	0.961449
2316	0.961449
2317	0.961449
2318	0.961449
2319	0.961449
2320	0.961449
2321	0.961449
2322	0.961449
2323	0.961449
2324	0.961449
2325	0.961449
2326	0.961449
2327	0.961449
2328	0.961449
2329	0.961449
2330	0.961449
2331	0.961449
2332	0.961449
2333	0.961449
2334	0.961449
2335	0.961449
2336	0.961449
2337	0.961449
2338	0.961449
2339	0.961449
2340	0.961449
2341	0.961449
2342	0.961449
2343	0.961449
2344	0.961449
2345	0.961449
2346	0.961449
2347	0.961449
2348	0.961449
2349	0.961449
2350	0.961449
2351	0.961449
2352	0.961449
2353	0.961449
2354	0.961449
2355	0.961449
2356	0.961449
2357	0.961449
2358	0.961449
2359	0.961449
2360	0.961449
2361	0.961449
2362	0.961449
2363	0.961449
2364	0.961449
2365	0.961449
2366	0.961449
2367	0.961449
2368	0.961449
2369	0.961449
2370	0.961449
2371	0.961449
2372	0.961449
2373	0.961449
2374	0.961449
2375	0.961449
2376	0.961449
2377	0.961449
2378	0.961449
2379	0.961449
2380	0.961449
2381	0.961449
2382	0.961449
2383	0.961449
2384	0.961449
2385	0.961449
2386	0.961449
2387	0.961449
2388	0.961449
2389	0.961449
2390	0.961449
2391	0.961449
2392	0.961449
2393	0.961449
2394	0.961449
2395	0.961449
2396	0.961449
2397	0.961449
2398	0.961449
2399	0.961449
2400	0.961449
2401	0.961449
2402	0.961449
2403	0.961449
2404	0.961449
2405	0.961449
2406	0.961449
2407	0.962617
2408	0.962617
2409	0.962617
2410	0.962617
2411	0.962617
2412	0.962617
2413	0.962617
2414	0.962617
2415	0.962617
2416	0.962617
2417	0.962617
2418	0.962617
2419	0.962617
2420	0.962617
2421	0.962617
2422	0.962617
2423	0.962617
2424	0.962617
2425	0.962617
2426	0.962617
2427	0.962617
2428	0.962617
2429	0.962617
2430	0.962617
2431	0.962617
2432	0.962617
2433	0.962617
2434	0.962617
2435	0.962617
2436	0.962617
2437	0.962617
2438	0.962617
2439	0.962617
2440	0.962617
2441	0.962617
2442	0.962617
2443	0.962617
2444	0.962617
2445	0.962617
2446	0.962617
2447	0.962617
2448	0.962617
2449	0.962617
2450	0.962617
2451	0.962617
2452	0.962617
2453	0.962617
2454	0.962617
2455	0.962617
2456	0.962617
2457	0.962617
2458	0.962617
2459	0.962617
2460	0.962617
2461	0.962617
2462	0.962617
2463	0.962617
2464	0.962617
2465	0.962617
2466	0.962617
2467	0.962617
2468	0.962617
2469	0.962617
2470	0.962617
2471	0.962617
2472	0.962617
2473	0.962617
2474	0.962617
2475	0.962617
2476	0.962617
2477	0.962617
2478	0.962617
2479	0.962617
2480	0.962617
2481	0.962617
2482	0.962617
2483	0.962617
2484	0.962617
2485	0.962617
2486	0.962617
2487	0.962617
2488	0.962617
2489	0.962617
2490	0.962617
2491	0.962617
2492	0.962617
2493	0.962617
2494	0.962617
2495	0.962617
2496	0.962617
2497	0.962617
2498	0.962617
2499	0.962617
2500	0.962617
2501	0.962617
2502	0.962617
2503	0.962617
2504	0.962617
2505	0.962617
2506	0.962617
2507	0.962617
2508	0.962617
2509	0.962617
2510	0.962617
2511	0.962617
2512	0.962617
2513	0.962617
2514	0.962617
2515	0.962617
2516	0.962617
2517	0.962617
2518	0.962617
2519	0.962617
2520	0.962617
2521	0.962617
2522	0.962617
2523	0.962617
2524	0.962617
2525	0.962617
2526	0.962617
2527	0.962617
2528	0.962617
2529	0.962617
2530	0.962617
2531	0.962617
2532	0.962617
2533	0.962617
2534	0.962617
2535	0.962617
2536	0.962617
2537	0.962617
2538	0.962617
2539	0.962617
2540	0.962617
2541	0.962617
2542	0.962617
2543	0.962617
2544	0.962617
2545	0.962617
2546	0.962617
2547	0.962617
2548	0.962617
2549	0.962617
2550	0.962617
2551	0.962617
2552	0.962617
2553	0.962617
2554	0.962617
2555	0.962617
2556	0.962617
2557	0.962617
2558	0.962617
2559	0.962617
2560	0.962617
2561	0.962617
2562	0.962617
2563	0.962617
2564	0.962617
2565	0.962617
2566	0.962617
2567	0.962617
2568	0.962617
2569	0.962617
2570	0.962617
2571	0.962617
2572	0.962617
2573	0.962617
2574	0.962617
2575	0.962617
2576	0.962617
2577	0.962617
2578	0.962617
2579	0.962617
2580	0.962617
2581	0.962617
2582	0.962617
2583	0.962617
2584	0.962617
2585	0.962617
2586	0.962617
2587	0.962617
2588	0.962617
2589	0.962617
2590	0.962617
2591	0.962617
2592	0.962617
2593	0.962617
2594	0.962617
2595	0.962617
2596	0.962617
2597	0.962617
2598	0.962617
2599	0.962617
2600	0.962617
2601	0.962617
2602	0.962617
2603	0.962617
2604	0.962617
2605	0.962617
2606	0.962617
2607	0.962617
2608	0.962617
2609	0.962617
2610	0.962617
2611	0.962617
2612	0.962617
2613	0.962617
2614	0.962617
2615	0.962617
2616	0.962617
2617	0.962617
2618	0.962617
2619	0.962617
2620	0.962617
2621	0.962617
2622	0.962617
2623	0.962617
2624	0.962617
2625	0.962617
2626	0.962617
2627	0.962617
2628	0.962617
2629	0.962617
2630	0.962617
2631	0.962617
2632	0.962617
2633	0.962617
2634	0.962617
2635	0.962617
2636	0.962617
2637	0.962617
2638	0.962617
2639	0.962617
2640	0.962617
2641	0.962617
2642	0.962617
2643	0.962617
2644	0.962617
2645	0.962617
2646	0.962617
2647	0.962617
2648	0.962617
2649	0.962617
2650	0.962617
2651	0.962617
2652	0.962617
2653	0.962617
2654	0.962617
2655	0.962617
2656	0.962617
2657	0.962617
2658	0.962617
2659	0.962617
2660	0.962617
2661	0.962617
2662	0.962617
2663	0.962617
2664	0.962617
2665	0.962617
2666	0.962617
2667	0.962617
2668	0.962617
2669	0.962617
2670	0.962617
2671	0.962617
2672	0.962617
2673	0.962617
2674	0.962617
2675	0.962617
2676	0.962617
2677	0.962617
2678	0.962617
2679	0.962617
2680	0.962617
2681	0.962617
2682	0.962617
2683	0.962617
2684	0.962617
2685	0.962617
2686	0.962617
2687	0.962617
2688	0.962617
2689	0.962617
2690	0.962617
2691	0.962617
2692	0.962617
2693	0.962617
2694	0.962617
2695	0.962617
2696	0.962617
2697	0.962617
2698	0.962617
2699	0.962617
2700	0.962617
2701	0.962617
2702	0.962617
2703	0.962617
2704	0.962617
2705	0.962617
2706	0.962617
2707	0.962617
2708	0.962617
2709	0.962617
2710	0.962617
2711	0.962617
2712	0.962617
2713	0.962617
2714	0.962617
2715	0.962617
2716	0.962617
2717	0.962617
2718	0.962617
2719	0.962617
2720	0.962617
2721	0.962617
2722	0.962617
2723	0.962617
2724	0.962617
2725	0.962617
2726	0.962617
2727	0.962617
2728	0.962617
2729	0.962617
2730	0.962617
2731	0.962617
2732	0.962617
2733	0.962617
2734	0.962617
2735	0.962617
2736	0.962617
2737	0.962617
2738	0.962617
2739	0.962617
2740	0.962617
2741	0.962617
2742	0.962617
2743	0.962617
2744	0.962617
2745	0.962617
2746	0.962617
2747	0.962617
2748	0.962617
2749	0.962617
2750	0.962617
2751	0.962617
2752	0.962617
2753	0.962617
2754	0.962617
2755	0.962617
2756	0.962617
2757	0.962617
2758	0.962617
2759	0.962617
2760	0.962617
2761	0.962617
2762	0.962617
2763	0.962617
2764	0.962617
2765	0.962617
2766	0.962617
2767	0.962617
2768	0.962617
2769	0.962617
2770	0.962617
2771	0.962617
2772	0.962617
2773	0.962617
2774	0.962617
2775	0.962617
2776	0.962617
2777	0.962617
2778	0.962617
2779	0.962617
2780	0.962617
2781	0.962617
2782	0.962617
2783	0.962617
2784	0.962617
2785	0.962617
2786	0.962617
2787	0.962617
2788	0.962617
2789	0.962617
2790	0.962617
2791	0.962617
2792	0.962617
2793	0.962617
2794	0.962617
2795	0.962617
2796	0.962617
2797	0.962617
2798	0.962617
2799	0.962617
2800	0.962617
2801	0.962617
2802	0.962617
2803	0.962617
2804	0.962617
2805	0.962617
2806	0.962617
2807	0.962617
2808	0.962617
2809	0.962617
2810	0.962617
2811	0.962617
2812	0.962617
2813	0.962617
2814	0.962617
2815	0.962617
2816	0.962617
2817	0.962617
2818	0.962617
2819	0.962617
2820	0.962617
2821	0.962617
2822	0.962617
2823	0.962617
2824	0.962617
2825	0.962617
2826	0.962617
2827	0.962617
2828	0.962617
2829	0.962617
2830	0.962617
2831	0.962617
2832	0.962617
2833	0.962617
2834	0.962617
2835	0.962617
2836	0.962617
2837	0.962617
2838	0.962617
2839	0.962617
2840	0.962617
2841	0.962617
2842	0.962617
2843	0.962617
2844	0.962617
2845	0.962617
2846	0.962617
2847	0.962617
2848	0.962617
2849	0.962617
2850	0.962617
2851	0.962617
2852	0.962617
2853	0.962617
2854	0.962617
2855	0.962617
2856	0.962617
2857	0.962617
2858	0.962617
2859	0.962617
2860	0.962617
2861	0.962617
2862	0.962617
2863	0.962617
2864	0.962617
2865	0.962617
2866	0.962617
2867	0.962617
2868	0.962617
2869	0.962617
2870	0.962617
2871	0.962617
2872	0.962617
2873	0.962617
2874	0.962617
2875	0.962617
2876	0.962617
2877	0.962617
2878	0.962617
2879	0.962617
2880	0.962617
2881	0.962617
2882	0.962617
2883	0.962617
2884	0.962617
2885	0.962617
2886	0.962617
2887	0.962617
2888	0.962617
2889	0.962617
2890	0.962617
2891	0.962617
2892	0.962617
2893	0.962617
2894	0.962617
2895	0.962617
2896	0.962617
2897	0.962617
2898	0.962617
2899	0.962617
2900	0.962617
2901	0.962617
2902	0.962617
2903	0.962617
2904	0.962617
2905	0.962617
2906	0.962617
2907	0.962617
2908	0.962617
2909	0.962617
2910	0.962617
2911	0.962617
2912	0.962617
2913	0.962617
2914	0.962617
2915	0.962617
2916	0.962617
2917	0.962617
2918	0.962617
2919	0.962617
2920	0.962617
2921	0.962617
2922	0.962617
2923	0.962617
2924	0.962617
2925	0.962617
2926	0.962617
2927	0.962617
2928	0.962617
2929	0.962617
2930	0.962617
2931	0.962617
2932	0.962617
2933	0.962617
2934	0.962617
2935	0.962617
2936	0.962617
2937	0.962617
2938	0.962617
2939	0.962617
2940	0.962617
2941	0.962617
2942	0.962617
2943	0.962617
2944	0.962617
2945	0.962617
2946	0.962617
2947	0.962617
2948	0.962617
2949	0.962617
2950	0.962617
2951	0.962617
2952	0.962617
2953	0.962617
2954	0.962617
2955	0.962617
2956	0.962617
2957	0.962617
2958	0.962617
2959	0.962617
2960	0.962617
2961	0.962617
2962	0.962617
2963	0.962617
2964	0.962617
2965	0.962617
2966	0.962617
2967	0.962617
2968	0.962617
2969	0.962617
2970	0.962617
2971	0.962617
2972	0.962617
2973	0.962617
2974	0.962617
2975	0.962617
2976	0.962617
2977	0.962617
2978	0.962617
2979	0.962617
2980	0.962617
2981	0.962617
2982	0.962617
2983	0.962617
2984	0.962617
2985	0.962617
2986	0.962617
2987	0.962617
2988	0.962617
2989	0.962617
2990	0.962617
2991	0.962617
2992	0.962617
2993	0.962617
2994	0.962617
2995	0.962617
2996	0.962617
2997	0.962617
2998	0.962617
2999	0.962617
3000	0.962617
3001	0.962617
3002	0.962617
3003	0.962617
3004	0.962617
3005	0.962617
3006	0.962617
3007	0.962617
3008	0.962617
3009	0.962617
3010	0.962617
3011	0.962617
3012	0.962617
3013	0.962617
3014	0.962617
3015	0.962617
3016	0.962617
3017	0.962617
3018	0.962617
3019	0.962617
3020	0.962617
3021	0.962617
3022	0.962617
3023	0.962617
3024	0.962617
3025	0.962617
3026	0.962617
3027	0.962617
3028	0.962617
3029	0.962617
3030	0.962617
3031	0.962617
3032	0.962617
3033	0.962617
3034	0.962617
3035	0.962617
3036	0.962617
3037	0.962617
3038	0.962617
3039	0.962617
3040	0.962617
3041	0.962617
3042	0.962617
3043	0.962617
3044	0.962617
3045	0.962617
3046	0.962617
3047	0.962617
3048	0.962617
3049	0.962617
3050	0.962617
3051	0.962617
3052	0.962617
3053	0.962617
3054	0.962617
3055	0.962617
3056	0.962617
3057	0.962617
3058	0.962617
3059	0.962617
3060	0.962617
3061	0.962617
3062	0.962617
3063	0.962617
3064	0.962617
3065	0.962617
3066	0.962617
3067	0.962617
3068	0.962617
3069	0.962617
3070	0.962617
3071	0.962617
3072	0.962617
3073	0.962617
3074	0.962617
3075	0.962617
3076	0.962617
3077	0.962617
3078	0.962617
3079	0.962617
3080	0.962617
3081	0.962617
3082	0.962617
3083	0.962617
3084	0.962617
3085	0.962617
3086	0.962617
3087	0.962617
3088	0.962617
3089	0.962617
3090	0.962617
3091	0.962617
3092	0.962617
3093	0.962617
3094	0.962617
3095	0.962617
3096	0.962617
3097	0.962617
3098	0.962617
3099	0.962617
3100	0.962617
3101	0.962617
3102	0.962617
3103	0.962617
3104	0.962617
3105	0.962617
3106	0.962617
3107	0.962617
3108	0.962617
3109	0.962617
3110	0.962617
3111	0.962617
3112	0.962617
3113	0.962617
3114	0.962617
3115	0.962617
3116	0.962617
3117	0.962617
3118	0.962617
3119	0.962617
3120	0.962617
3121	0.962617
3122	0.962617
3123	0.962617
3124	0.962617
3125	0.962617
3126	0.962617
3127	0.962617
3128	0.962617
3129	0.962617
3130	0.962617
3131	0.962617
3132	0.962617
3133	0.962617
3134	0.962617
3135	0.962617
3136	0.962617
3137	0.962617
3138	0.962617
3139	0.962617
3140	0.962617
3141	0.962617
3142	0.962617
3143	0.962617
3144	0.962617
3145	0.962617
3146	0.962617
3147	0.962617
3148	0.962617
3149	0.962617
3150	0.962617
3151	0.962617
3152	0.962617
3153	0.962617
3154	0.962617
3155	0.962617
3156	0.962617
3157	0.962617
3158	0.962617
3159	0.962617
3160	0.962617
3161	0.962617
3162	0.962617
3163	0.962617
3164	0.962617
3165	0.962617
3166	0.962617
3167	0.962617
3168	0.962617
3169	0.962617
3170	0.962617
3171	0.962617
3172	0.962617
3173	0.962617
3174	0.962617
3175	0.962617
3176	0.962617
3177	0.962617
3178	0.962617
3179	0.962617
3180	0.962617
3181	0.962617
3182	0.962617
3183	0.962617
3184	0.962617
3185	0.962617
3186	0.962617
3187	0.962617
3188	0.962617
3189	0.962617
3190	0.962617
3191	0.962617
3192	0.962617
3193	0.962617
3194	0.962617
3195	0.962617
3196	0.962617
3197	0.962617
3198	0.962617
3199	0.962617
3200	0.962617
3201	0.962617
3202	0.962617
3203	0.962617
3204	0.962617
3205	0.962617
3206	0.962617
3207	0.962617
3208	0.962617
3209	0.962617
3210	0.962617
3211	0.962617
3212	0.962617
3213	0.962617
3214	0.962617
3215	0.962617
3216	0.962617
3217	0.962617
3218	0.962617
3219	0.962617
3220	0.962617
3221	0.962617
3222	0.962617
3223	0.962617
3224	0.962617
3225	0.962617
3226	0.962617
3227	0.962617
3228	0.962617
3229	0.962617
3230	0.962617
3231	0.962617
3232	0.962617
3233	0.962617
3234	0.962617
3235	0.962617
3236	0.962617
3237	0.962617
3238	0.962617
3239	0.962617
3240	0.962617
3241	0.962617
3242	0.962617
3243	0.962617
3244	0.963785
3245	0.963785
3246	0.963785
3247	0.963785
3248	0.963785
3249	0.963785
3250	0.963785
3251	0.963785
3252	0.963785
3253	0.963785
3254	0.963785
3255	0.963785
3256	0.963785
3257	0.963785
3258	0.963785
3259	0.963785
3260	0.963785
3261	0.963785
3262	0.963785
3263	0.963785
3264	0.963785
3265	0.963785
3266	0.963785
3267	0.963785
3268	0.963785
3269	0.963785
3270	0.963785
3271	0.963785
3272	0.963785
3273	0.963785
3274	0.963785
3275	0.963785
3276	0.963785
3277	0.963785
3278	0.963785
3279	0.963785
3280	0.963785
3281	0.963785
3282	0.963785
3283	0.963785
3284	0.963785
3285	0.963785
3286	0.963785
3287	0.963785
3288	0.963785
3289	0.963785
3290	0.963785
3291	0.963785
3292	0.963785
3293	0.963785
3294	0.963785
3295	0.963785
3296	0.963785
3297	0.963785
3298	0.963785
3299	0.963785
3300	0.963785
3301	0.963785
3302	0.963785
3303	0.963785
3304	0.963785
3305	0.963785
3306	0.963785
3307	0.963785
3308	0.963785
3309	0.963785
3310	0.963785
3311	0.963785
3312	0.963785
3313	0.963785
3314	0.963785
3315	0.963785
3316	0.963785
3317	0.963785
3318	0.963785
3319	0.963785
3320	0.963785
3321	0.963785
3322	0.963785
3323	0.963785
3324	0.963785
3325	0.963785
3326	0.963785
3327	0.963785
3328	0.963785
3329	0.963785
3330	0.963785
3331	0.963785
3332	0.963785
3333	0.963785
3334	0.963785
3335	0.963785
3336	0.963785
3337	0.963785
3338	0.963785
3339	0.963785
3340	0.963785
3341	0.963785
3342	0.963785
3343	0.963785
3344	0.963785
3345	0.963785
3346	0.963785
3347	0.963785
3348	0.963785
3349	0.963785
3350	0.963785
3351	0.963785
3352	0.963785
3353	0.963785
3354	0.963785
3355	0.963785
3356	0.963785
3357	0.963785
3358	0.963785
3359	0.963785
3360	0.963785
3361	0.963785
3362	0.963785
3363	0.963785
3364	0.963785
3365	0.963785
3366	0.963785
3367	0.963785
3368	0.963785
3369	0.963785
3370	0.963785
3371	0.963785
3372	0.963785
3373	0.963785
3374	0.963785
3375	0.963785
3376	0.963785
3377	0.963785
3378	0.963785
3379	0.963785
3380	0.963785
3381	0.963785
3382	0.963785
3383	0.963785
3384	0.963785
3385	0.963785
3386	0.963785
3387	0.963785
3388	0.963785
3389	0.963785
3390	0.963785
3391	0.963785
3392	0.963785
3393	0.963785
3394	0.963785
3395	0.963785
3396	0.963785
3397	0.963785
3398	0.963785
3399	0.963785
3400	0.963785
3401	0.963785
3402	0.963785
3403	0.963785
3404	0.963785
3405	0.963785
3406	0.963785
3407	0.963785
3408	0.963785
3409	0.963785
3410	0.963785
3411	0.963785
3412	0.963785
3413	0.963785
3414	0.963785
3415	0.963785
3416	0.963785
3417	0.963785
3418	0.963785
3419	0.963785
3420	0.963785
3421	0.963785
3422	0.963785
3423	0.963785
3424	0.963785
3425	0.963785
3426	0.963785
3427	0.963785
3428	0.963785
3429	0.963785
3430	0.963785
3431	0.963785
3432	0.963785
3433	0.963785
3434	0.963785
3435	0.963785
3436	0.963785
3437	0.963785
3438	0.963785
3439	0.963785
3440	0.963785
3441	0.963785
3442	0.963785
3443	0.963785
3444	0.963785
3445	0.963785
3446	0.963785
3447	0.963785
3448	0.963785
3449	0.963785
3450	0.963785
3451	0.963785
3452	0.963785
3453	0.963785
3454	0.963785
3455	0.963785
3456	0.963785
3457	0.963785
3458	0.963785
3459	0.963785
3460	0.963785
3461	0.963785
3462	0.963785
3463	0.963785
3464	0.963785
3465	0.963785
3466	0.963785
3467	0.963785
3468	0.963785
3469	0.963785
3470	0.963785
3471	0.963785
3472	0.963785
3473	0.963785
3474	0.963785
3475	0.963785
3476	0.963785
3477	0.963785
3478	0.963785
3479	0.963785
3480	0.963785
3481	0.963785
3482	0.963785
3483	0.963785
3484	0.963785
3485	0.963785
3486	0.963785
3487	0.963785
3488	0.963785
3489	0.963785
3490	0.963785
3491	0.963785
3492	0.963785
3493	0.963785
3494	0.963785
3495	0.963785
3496	0.963785
3497	0.963785
3498	0.963785
3499	0.963785
3500	0.963785
3501	0.963785
3502	0.963785
3503	0.963785
3504	0.963785
3505	0.963785
3506	0.963785
3507	0.963785
3508	0.963785
3509	0.963785
3510	0.963785
3511	0.963785
3512	0.963785
3513	0.963785
3514	0.963785
3515	0.963785
3516	0.963785
3517	0.963785
3518	0.963785
3519	0.963785
3520	0.963785
3521	0.963785
3522	0.963785
3523	0.963785
3524	0.963785
3525	0.963785
3526	0.963785
3527	0.963785
3528	0.963785
3529	0.963785
3530	0.963785
3531	0.963785
3532	0.963785
3533	0.963785
3534	0.963785
3535	0.963785
3536	0.963785
3537	0.963785
3538	0.963785
3539	0.963785
3540	0.963785
3541	0.963785
3542	0.963785
3543	0.963785
3544	0.963785
3545	0.963785
3546	0.963785
3547	0.963785
3548	0.963785
3549	0.963785
3550	0.963785
3551	0.963785
3552	0.963785
3553	0.963785
3554	0.963785
3555	0.963785
3556	0.963785
3557	0.963785
3558	0.963785
3559	0.963785
3560	0.963785
3561	0.963785
3562	0.963785
3563	0.963785
3564	0.963785
3565	0.963785
3566	0.963785
3567	0.963785
3568	0.963785
3569	0.963785
3570	0.963785
3571	0.963785
3572	0.963785
3573	0.963785
3574	0.963785
3575	0.963785
3576	0.963785
3577	0.963785
3578	0.963785
3579	0.963785
3580	0.963785
3581	0.963785
3582	0.963785
3583	0.963785
3584	0.963785
3585	0.963785
3586	0.963785
3587	0.963785
3588	0.963785
3589	0.963785
3590	0.963785
3591	0.963785
3592	0.963785
3593	0.963785
3594	0.963785
3595	0.963785
3596	0.963785
3597	0.963785
3598	0.963785
3599	0.963785
3600	0.963785
3601	0.963785
3602	0.963785
3603	0.963785
3604	0.963785
3605	0.963785
3606	0.963785
3607	0.963785
3608	0.963785
3609	0.963785
3610	0.963785
3611	0.963785
3612	0.963785
3613	0.963785
3614	0.963785
3615	0.963785
3616	0.963785
3617	0.963785
3618	0.963785
3619	0.963785
3620	0.963785
3621	0.963785
3622	0.963785
3623	0.963785
3624	0.963785
3625	0.963785
3626	0.963785
3627	0.963785
3628	0.963785
3629	0.963785
3630	0.963785
3631	0.963785
3632	0.963785
3633	0.963785
3634	0.963785
3635	0.963785
3636	0.963785
3637	0.963785
3638	0.963785
3639	0.963785
3640	0.963785
3641	0.963785
3642	0.963785
3643	0.963785
3644	0.963785
3645	0.963785
3646	0.963785
3647	0.963785
3648	0.963785
3649	0.963785
3650	0.963785
3651	0.963785
3652	0.963785
3653	0.963785
3654	0.963785
3655	0.963785
3656	0.963785
3657	0.963785
3658	0.963785
3659	0.963785
3660	0.963785
3661	0.963785
3662	0.963785
3663	0.963785
3664	0.963785
3665	0.963785
3666	0.963785
3667	0.963785
3668	0.963785
3669	0.963785
3670	0.963785
3671	0.963785
3672	0.963785
3673	0.963785
3674	0.963785
3675	0.963785
3676	0.963785
3677	0.963785
3678	0.963785
3679	0.963785
3680	0.963785
3681	0.963785
3682	0.963785
3683	0.963785
3684	0.963785
3685	0.963785
3686	0.963785
3687	0.963785
3688	0.963785
3689	0.963785
3690	0.963785
3691	0.963785
3692	0.963785
3693	0.963785
3694	0.963785
3695	0.963785
3696	0.963785
3697	0.963785
3698	0.963785
3699	0.963785
3700	0.963785
3701	0.963785
3702	0.963785
3703	0.963785
3704	0.963785
3705	0.963785
3706	0.963785
3707	0.963785
3708	0.963785
3709	0.963785
3710	0.963785
3711	0.963785
3712	0.963785
3713	0.963785
3714	0.963785
3715	0.963785
3716	0.963785
3717	0.963785
3718	0.963785
3719	0.963785
3720	0.963785
3721	0.963785
3722	0.963785
3723	0.963785
3724	0.963785
3725	0.963785
3726	0.963785
3727	0.963785
3728	0.963785
3729	0.963785
3730	0.963785
3731	0.963785
3732	0.963785
3733	0.963785
3734	0.963785
3735	0.963785
3736	0.963785
3737	0.963785
3738	0.963785
3739	0.963785
3740	0.963785
3741	0.963785
3742	0.963785
3743	0.963785
3744	0.963785
3745	0.963785
3746	0.963785
3747	0.963785
3748	0.963785
3749	0.963785
3750	0.963785
3751	0.963785
3752	0.963785
3753	0.963785
3754	0.963785
3755	0.963785
3756	0.963785
3757	0.963785
3758	0.963785
3759	0.963785
3760	0.963785
3761	0.963785
3762	0.963785
3763	0.963785
3764	0.963785
3765	0.963785
3766	0.963785
3767	0.963785
3768	0.963785
3769	0.963785
3770	0.963785
3771	0.963785
3772	0.963785
3773	0.963785
3774	0.963785
3775	0.963785
3776	0.963785
3777	0.963785
3778	0.963785
3779	0.963785
3780	0.963785
3781	0.963785
3782	0.963785
3783	0.963785
3784	0.963785
3785	0.963785
3786	0.963785
3787	0.963785
3788	0.963785
3789	0.963785
3790	0.963785
3791	0.963785
3792	0.963785
3793	0.963785
3794	0.963785
3795	0.963785
3796	0.963785
3797	0.963785
3798	0.963785
3799	0.963785
3800	0.963785
3801	0.963785
3802	0.963785
3803	0.963785
3804	0.963785
3805	0.963785
3806	0.963785
3807	0.963785
3808	0.963785
3809	0.963785
3810	0.963785
3811	0.963785
3812	0.963785
3813	0.963785
3814	0.963785
3815	0.963785
3816	0.963785
3817	0.963785
3818	0.963785
3819	0.963785
3820	0.963785
3821	0.963785
3822	0.963785
3823	0.963785
3824	0.963785
3825	0.963785
3826	0.963785
3827	0.963785
3828	0.963785
3829	0.963785
3830	0.963785
3831	0.963785
3832	0.963785
3833	0.963785
3834	0.963785
3835	0.963785
3836	0.963785
3837	0.963785
3838	0.963785
3839	0.963785
3840	0.963785
3841	0.963785
3842	0.963785
3843	0.963785
3844	0.963785
3845	0.963785
3846	0.963785
3847	0.963785
3848	0.963785
3849	0.963785
3850	0.963785
3851	0.963785
3852	0.963785
3853	0.963785
3854	0.963785
3855	0.963785
3856	0.963785
3857	0.963785
3858	0.963785
3859	0.963785
3860	0.963785
3861	0.963785
3862	0.963785
3863	0.963785
3864	0.963785
3865	0.963785
3866	0.963785
3867	0.963785
3868	0.963785
3869	0.963785
3870	0.963785
3871	0.963785
3872	0.963785
3873	0.963785
3874	0.963785
3875	0.963785
3876	0.963785
3877	0.963785
3878	0.963785
3879	0.963785
3880	0.963785
3881	0.963785
3882	0.963785
3883	0.963785
3884	0.963785
3885	0.963785
3886	0.963785
3887	0.963785
3888	0.963785
3889	0.963785
3890	0.963785
3891	0.963785
3892	0.963785
3893	0.963785
3894	0.963785
3895	0.963785
3896	0.963785
3897	0.963785
3898	0.963785
3899	0.963785
3900	0.963785
3901	0.963785
3902	0.963785
3903	0.963785
3904	0.963785
3905	0.963785
3906	0.963785
3907	0.963785
3908	0.963785
3909	0.963785
3910	0.963785
3911	0.963785
3912	0.963785
3913	0.963785
3914	0.963785
3915	0.963785
3916	0.963785
3917	0.963785
3918	0.963785
3919	0.963785
3920	0.963785
3921	0.963785
3922	0.963785
3923	0.963785
3924	0.963785
3925	0.963785
3926	0.963785
3927	0.963785
3928	0.963785
3929	0.963785
3930	0.963785
3931	0.963785
3932	0.963785
3933	0.963785
3934	0.963785
3935	0.963785
3936	0.963785
3937	0.963785
3938	0.963785
3939	0.963785
3940	0.963785
3941	0.963785
3942	0.963785
3943	0.963785
3944	0.963785
3945	0.963785
3946	0.963785
3947	0.963785
3948	0.963785
3949	0.963785
3950	0.963785
3951	0.963785
3952	0.963785
3953	0.963785
3954	0.963785
3955	0.963785
3956	0.963785
3957	0.963785
3958	0.963785
3959	0.963785
3960	0.963785
3961	0.963785
3962	0.963785
3963	0.963785
3964	0.963785
3965	0.963785
3966	0.963785
3967	0.963785
3968	0.963785
3969	0.963785
3970	0.963785
3971	0.963785
3972	0.963785
3973	0.963785
3974	0.963785
3975	0.963785
3976	0.963785
3977	0.963785
3978	0.963785
3979	0.963785
3980	0.963785
3981	0.963785
3982	0.963785
3983	0.963785
3984	0.963785
3985	0.963785
3986	0.963785
3987	0.963785
3988	0.963785
3989	0.963785
3990	0.963785
3991	0.963785
3992	0.963785
3993	0.963785
3994	0.963785
3995	0.963785
3996	0.963785
3997	0.963785
3998	0.963785
3999	0.963785
4000	0.963785
