1	0.507009
2	0.507009
3	0.507009
4	0.507009
5	0.507009
6	0.540888
7	0.540888
8	0.540888
9	0.767523
10	0.903037
11	0.903037
12	0.903037
13	0.903037
14	0.903037
15	0.903037
16	0.903037
17	0.903037
18	0.903037
19	0.903037
20	0.903037
21	0.917056
22	0.926402
23	0.926402
24	0.926402
25	0.926402
26	0.926402
27	0.926402
28	0.936916
29	0.936916
30	0.936916
31	0.936916
32	0.938084
33	0.938084
34	0.938084
35	0.938084
36	0.938084
37	0.938084
38	0.938084
39	0.938084
40	0.938084
41	0.938084
42	0.938084
43	0.938084
44	0.938084
45	0.938084
46	0.938084
47	0.938084
48	0.938084
49	0.940421
50	0.940421
51	0.941589
52	0.941589
53	0.941589
54	0.941589
55	0.941589
56	0.941589
57	0.941589
58	0.941589
59	0.941589
60	0.941589
61	0.941589
62	0.941589
63	0.941589
64	0.941589
65	0.941589
66	0.941589
67	0.941589
68	0.941589
69	0.941589
70	0.941589
71	0.941589
72	0.941589
73	0.941589
74	0.941589
75	0.941589
76	0.941589
77	0.941589
78	0.941589
79	0.941589
80	0.941589
81	0.941589
82	0.941589
83	0.941589
84	0.941589
85	0.941589
86	0.941589
87	0.941589
88	0.941589
89	0.941589
90	0.941589
91	0.941589
92	0.941589
93	0.941589
94	0.941589
95	0.941589
96	0.941589
97	0.941589
98	0.941589
99	0.941589
100	0.941589
101	0.941589
102	0.941589
103	0.941589
104	0.941589
105	0.941589
106	0.941589
107	0.941589
108	0.941589
109	0.941589
110	0.941589
111	0.941589
112	0.941589
113	0.941589
114	0.941589
115	0.941589
116	0.941589
117	0.941589
118	0.941589
119	0.941589
120	0.941589
121	0.941589
122	0.941589
123	0.941589
124	0.941589
125	0.941589
126	0.941589
127	0.941589
128	0.941589
129	0.941589
130	0.941589
131	0.941589
132	0.941589
133	0.941589
134	0.941589
135	0.941589
136	0.941589
137	0.941589
138	0.941589
139	0.941589
140	0.941589
141	0.941589
142	0.941589
143	0.941589
144	0.941589
145	0.941589
146	0.941589
147	0.941589
148	0.941589
149	0.941589
150	0.941589
151	0.941589
152	0.941589
153	0.941589
154	0.941589
155	0.941589
156	0.941589
157	0.941589
158	0.941589
159	0.941589
160	0.941589
161	0.941589
162	0.941589
163	0.941589
164	0.941589
165	0.941589
166	0.941589
167	0.941589
168	0.941589
169	0.941589
170	0.941589
171	0.941589
172	0.941589
173	0.941589
174	0.941589
175	0.941589
176	0.941589
177	0.941589
178	0.941589
179	0.941589
180	0.941589
181	0.941589
182	0.941589
183	0.941589
184	0.941589
185	0.941589
186	0.941589
187	0.941589
188	0.941589
189	0.941589
190	0.941589
191	0.941589
192	0.941589
193	0.941589
194	0.941589
195	0.941589
196	0.941589
197	0.941589
198	0.941589
199	0.941589
200	0.941589
201	0.941589
202	0.941589
203	0.941589
204	0.941589
205	0.941589
206	0.941589
207	0.941589
208	0.941589
209	0.941589
210	0.941589
211	0.941589
212	0.941589
213	0.941589
214	0.941589
215	0.941589
216	0.941589
217	0.941589
218	0.941589
219	0.941589
220	0.941589
221	0.941589
222	0.941589
223	0.941589
224	0.941589
225	0.941589
226	0.941589
227	0.941589
228	0.941589
229	0.941589
230	0.941589
231	0.941589
232	0.941589
233	0.941589
234	0.941589
235	0.941589
236	0.941589
237	0.941589
238	0.941589
239	0.941589
240	0.941589
241	0.941589
242	0.941589
243	0.941589
244	0.941589
245	0.943925
246	0.943925
247	0.943925
248	0.943925
249	0.943925
250	0.943925
251	0.943925
252	0.943925
253	0.943925
254	0.943925
255	0.943925
256	0.943925
257	0.943925
258	0.943925
259	0.943925
260	0.943925
261	0.943925
262	0.943925
263	0.943925
264	0.943925
265	0.943925
266	0.943925
267	0.943925
268	0.943925
269	0.943925
270	0.943925
271	0.943925
272	0.943925
273	0.943925
274	0.943925
275	0.943925
276	0.943925
277	0.945093
278	0.945093
279	0.945093
280	0.945093
281	0.945093
282	0.945093
283	0.945093
284	0.945093
285	0.945093
286	0.945093
287	0.945093
288	0.945093
289	0.945093
290	0.945093
291	0.945093
292	0.945093
293	0.945093
294	0.945093
295	0.945093
296	0.945093
297	0.945093
298	0.945093
299	0.945093
300	0.945093
301	0.945093
302	0.945093
303	0.945093
304	0.945093
305	0.945093
306	0.945093
307	0.945093
308	0.945093
309	0.945093
310	0.945093
311	0.945093
312	0.945093
313	0.945093
314	0.945093
315	0.945093
316	0.945093
317	0.945093
318	0.945093
319	0.945093
320	0.945093
321	0.945093
322	0.945093
323	0.945093
324	0.945093
325	0.945093
326	0.945093
327	0.946262
328	0.946262
329	0.94743
330	0.94743
331	0.94743
332	0.94743
333	0.94743
334	0.94743
335	0.94743
336	0.94743
337	0.94743
338	0.94743
339	0.94743
340	0.94743
341	0.94743
342	0.94743
343	0.94743
344	0.94743
345	0.94743
346	0.94743
347	0.94743
348	0.94743
349	0.94743
350	0.94743
351	0.94743
352	0.94743
353	0.94743
354	0.94743
355	0.94743
356	0.94743
357	0.948598
358	0.948598
359	0.948598
360	0.948598
361	0.948598
362	0.948598
363	0.948598
364	0.948598
365	0.948598
366	0.948598
367	0.948598
368	0.948598
369	0.948598
370	0.948598
371	0.948598
372	0.948598
373	0.948598
374	0.948598
375	0.948598
376	0.948598
377	0.948598
378	0.948598
379	0.948598
380	0.948598
381	0.948598
382	0.948598
383	0.948598
384	0.948598
385	0.948598
386	0.948598
387	0.948598
388	0.948598
389	0.948598
390	0.948598
391	0.948598
392	0.948598
393	0.948598
394	0.948598
395	0.948598
396	0.948598
397	0.948598
398	0.948598
399	0.948598
400	0.948598
401	0.948598
402	0.948598
403	0.948598
404	0.948598
405	0.948598
406	0.948598
407	0.948598
408	0.948598
409	0.948598
410	0.948598
411	0.948598
412	0.948598
413	0.948598
414	0.948598
415	0.948598
416	0.948598
417	0.948598
418	0.948598
419	0.948598
420	0.948598
421	0.948598
422	0.948598
423	0.948598
424	0.948598
425	0.948598
426	0.948598
427	0.948598
428	0.948598
429	0.948598
430	0.948598
431	0.948598
432	0.948598
433	0.948598
434	0.948598
435	0.948598
436	0.948598
437	0.948598
438	0.948598
439	0.948598
440	0.948598
441	0.948598
442	0.948598
443	0.948598
444	0.948598
445	0.948598
446	0.948598
447	0.948598
448	0.948598
449	0.948598
450	0.948598
451	0.948598
452	0.948598
453	0.948598
454	0.948598
455	0.948598
456	0.948598
457	0.948598
458	0.948598
459	0.948598
460	0.948598
461	0.948598
462	0.948598
463	0.948598
464	0.948598
465	0.948598
466	0.948598
467	0.948598
468	0.948598
469	0.948598
470	0.948598
471	0.948598
472	0.948598
473	0.948598
474	0.948598
475	0.948598
476	0.948598
477	0.948598
478	0.948598
479	0.948598
480	0.948598
481	0.948598
482	0.948598
483	0.948598
484	0.948598
485	0.948598
486	0.948598
487	0.948598
488	0.948598
489	0.948598
490	0.948598
491	0.948598
492	0.948598
493	0.948598
494	0.948598
495	0.948598
496	0.948598
497	0.948598
498	0.948598
499	0.948598
500	0.948598
501	0.948598
502	0.948598
503	0.948598
504	0.948598
505	0.948598
506	0.948598
507	0.948598
508	0.948598
509	0.948598
510	0.948598
511	0.948598
512	0.948598
513	0.948598
514	0.948598
515	0.948598
516	0.948598
517	0.948598
518	0.948598
519	0.948598
520	0.948598
521	0.948598
522	0.948598
523	0.948598
524	0.948598
525	0.948598
526	0.948598
527	0.948598
528	0.948598
529	0.948598
530	0.948598
531	0.948598
532	0.948598
533	0.948598
534	0.948598
535	0.948598
536	0.948598
537	0.948598
538	0.948598
539	0.948598
540	0.948598
541	0.948598
542	0.948598
543	0.948598
544	0.948598
545	0.948598
546	0.948598
547	0.948598
548	0.948598
549	0.948598
550	0.948598
551	0.948598
552	0.948598
553	0.948598
554	0.948598
555	0.948598
556	0.948598
557	0.948598
558	0.948598
559	0.948598
560	0.948598
561	0.948598
562	0.948598
563	0.948598
564	0.948598
565	0.948598
566	0.948598
567	0.948598
568	0.948598
569	0.948598
570	0.948598
571	0.948598
572	0.948598
573	0.948598
574	0.948598
575	0.948598
576	0.948598
577	0.948598
578	0.948598
579	0.948598
580	0.948598
581	0.948598
582	0.948598
583	0.948598
584	0.948598
585	0.948598
586	0.948598
587	0.948598
588	0.948598
589	0.948598
590	0.948598
591	0.948598
592	0.948598
593	0.948598
594	0.948598
595	0.948598
596	0.948598
597	0.948598
598	0.948598
599	0.948598
600	0.948598
601	0.948598
602	0.948598
603	0.948598
604	0.948598
605	0.948598
606	0.948598
607	0.948598
608	0.948598
609	0.948598
610	0.948598
611	0.948598
612	0.948598
613	0.948598
614	0.948598
615	0.948598
616	0.948598
617	0.948598
618	0.948598
619	0.948598
620	0.948598
621	0.948598
622	0.948598
623	0.948598
624	0.948598
625	0.948598
626	0.948598
627	0.948598
628	0.948598
629	0.948598
630	0.948598
631	0.948598
632	0.948598
633	0.948598
634	0.948598
635	0.948598
636	0.948598
637	0.948598
638	0.948598
639	0.948598
640	0.948598
641	0.948598
642	0.948598
643	0.948598
644	0.948598
645	0.948598
646	0.948598
647	0.948598
648	0.948598
649	0.948598
650	0.948598
651	0.948598
652	0.948598
653	0.948598
654	0.948598
655	0.948598
656	0.948598
657	0.948598
658	0.948598
659	0.948598
660	0.948598
661	0.948598
662	0.948598
663	0.948598
664	0.948598
665	0.948598
666	0.948598
667	0.948598
668	0.948598
669	0.948598
670	0.948598
671	0.948598
672	0.948598
673	0.948598
674	0.948598
675	0.948598
676	0.948598
677	0.948598
678	0.948598
679	0.948598
680	0.948598
681	0.948598
682	0.948598
683	0.948598
684	0.948598
685	0.948598
686	0.948598
687	0.948598
688	0.948598
689	0.948598
690	0.948598
691	0.948598
692	0.948598
693	0.948598
694	0.948598
695	0.948598
696	0.948598
697	0.948598
698	0.948598
699	0.948598
700	0.948598
701	0.948598
702	0.948598
703	0.948598
704	0.948598
705	0.948598
706	0.948598
707	0.948598
708	0.948598
709	0.948598
710	0.948598
711	0.948598
712	0.948598
713	0.948598
714	0.948598
715	0.948598
716	0.948598
717	0.948598
718	0.948598
719	0.948598
720	0.948598
721	0.948598
722	0.948598
723	0.948598
724	0.948598
725	0.948598
726	0.948598
727	0.948598
728	0.948598
729	0.948598
730	0.948598
731	0.948598
732	0.948598
733	0.948598
734	0.948598
735	0.948598
736	0.948598
737	0.948598
738	0.948598
739	0.948598
740	0.948598
741	0.948598
742	0.948598
743	0.948598
744	0.948598
745	0.948598
746	0.948598
747	0.948598
748	0.948598
749	0.948598
750	0.948598
751	0.948598
752	0.948598
753	0.948598
754	0.948598
755	0.948598
756	0.948598
757	0.948598
758	0.948598
759	0.948598
760	0.948598
761	0.948598
762	0.948598
763	0.948598
764	0.948598
765	0.948598
766	0.948598
767	0.948598
768	0.948598
769	0.948598
770	0.948598
771	0.948598
772	0.948598
773	0.948598
774	0.948598
775	0.948598
776	0.948598
777	0.948598
778	0.948598
779	0.948598
780	0.948598
781	0.948598
782	0.948598
783	0.948598
784	0.948598
785	0.948598
786	0.948598
787	0.948598
788	0.948598
789	0.948598
790	0.948598
791	0.948598
792	0.948598
793	0.948598
794	0.948598
795	0.948598
796	0.948598
797	0.948598
798	0.948598
799	0.948598
800	0.948598
801	0.948598
802	0.948598
803	0.948598
804	0.948598
805	0.948598
806	0.948598
807	0.948598
808	0.948598
809	0.948598
810	0.948598
811	0.948598
812	0.948598
813	0.948598
814	0.948598
815	0.948598
816	0.948598
817	0.948598
818	0.948598
819	0.948598
820	0.948598
821	0.948598
822	0.948598
823	0.948598
824	0.948598
825	0.948598
826	0.948598
827	0.948598
828	0.948598
829	0.948598
830	0.948598
831	0.948598
832	0.948598
833	0.948598
834	0.948598
835	0.948598
836	0.948598
837	0.948598
838	0.948598
839	0.948598
840	0.948598
841	0.948598
842	0.948598
843	0.948598
844	0.948598
845	0.948598
846	0.948598
847	0.948598
848	0.948598
849	0.948598
850	0.948598
851	0.948598
852	0.948598
853	0.948598
854	0.948598
855	0.948598
856	0.948598
857	0.948598
858	0.948598
859	0.948598
860	0.948598
861	0.948598
862	0.948598
863	0.948598
864	0.948598
865	0.948598
866	0.948598
867	0.948598
868	0.948598
869	0.948598
870	0.948598
871	0.948598
872	0.948598
873	0.948598
874	0.948598
875	0.948598
876	0.948598
877	0.948598
878	0.948598
879	0.948598
880	0.948598
881	0.948598
882	0.948598
883	0.948598
884	0.948598
885	0.948598
886	0.948598
887	0.948598
888	0.948598
889	0.948598
890	0.948598
891	0.948598
892	0.948598
893	0.948598
894	0.949766
895	0.949766
896	0.949766
897	0.949766
898	0.949766
899	0.949766
900	0.949766
901	0.950935
902	0.950935
903	0.950935
904	0.950935
905	0.950935
906	0.950935
907	0.950935
908	0.950935
909	0.950935
910	0.950935
911	0.950935
912	0.950935
913	0.950935
914	0.952103
915	0.952103
916	0.952103
917	0.952103
918	0.952103
919	0.952103
920	0.952103
921	0.952103
922	0.952103
923	0.952103
924	0.952103
925	0.952103
926	0.952103
927	0.952103
928	0.952103
929	0.952103
930	0.952103
931	0.952103
932	0.952103
933	0.952103
934	0.952103
935	0.952103
936	0.952103
937	0.952103
938	0.952103
939	0.952103
940	0.952103
941	0.952103
942	0.952103
943	0.952103
944	0.952103
945	0.952103
946	0.952103
947	0.952103
948	0.952103
949	0.952103
950	0.952103
951	0.952103
952	0.952103
953	0.952103
954	0.952103
955	0.952103
956	0.952103
957	0.952103
958	0.953271
959	0.953271
960	0.953271
961	0.959112
962	0.959112
963	0.959112
964	0.959112
965	0.959112
966	0.959112
967	0.959112
968	0.959112
969	0.959112
970	0.959112
971	0.959112
972	0.959112
973	0.959112
974	0.959112
975	0.959112
976	0.959112
977	0.959112
978	0.959112
979	0.959112
980	0.959112
981	0.959112
982	0.959112
983	0.959112
984	0.959112
985	0.959112
986	0.959112
987	0.959112
988	0.959112
989	0.959112
990	0.959112
991	0.959112
992	0.959112
993	0.959112
994	0.959112
995	0.959112
996	0.959112
997	0.959112
998	0.959112
999	0.959112
1000	0.959112
1001	0.959112
1002	0.959112
1003	0.959112
1004	0.959112
1005	0.959112
1006	0.959112
1007	0.959112
1008	0.959112
1009	0.959112
1010	0.959112
1011	0.959112
1012	0.959112
1013	0.959112
1014	0.959112
1015	0.959112
1016	0.959112
1017	0.959112
1018	0.959112
1019	0.959112
1020	0.959112
1021	0.959112
1022	0.959112
1023	0.959112
1024	0.959112
1025	0.959112
1026	0.959112
1027	0.959112
1028	0.959112
1029	0.959112
1030	0.959112
1031	0.959112
1032	0.959112
1033	0.959112
1034	0.959112
1035	0.959112
1036	0.959112
1037	0.959112
1038	0.959112
1039	0.959112
1040	0.959112
1041	0.959112
1042	0.959112
1043	0.959112
1044	0.959112
1045	0.959112
1046	0.959112
1047	0.959112
1048	0.959112
1049	0.959112
1050	0.959112
1051	0.959112
1052	0.959112
1053	0.959112
1054	0.959112
1055	0.959112
1056	0.959112
1057	0.959112
1058	0.959112
1059	0.959112
1060	0.959112
1061	0.959112
1062	0.959112
1063	0.959112
1064	0.959112
1065	0.959112
1066	0.959112
1067	0.959112
1068	0.959112
1069	0.959112
1070	0.959112
1071	0.959112
1072	0.959112
1073	0.959112
1074	0.959112
1075	0.959112
1076	0.959112
1077	0.959112
1078	0.959112
1079	0.959112
1080	0.959112
1081	0.959112
1082	0.959112
1083	0.959112
1084	0.959112
1085	0.959112
1086	0.959112
1087	0.959112
1088	0.959112
1089	0.959112
1090	0.959112
1091	0.959112
1092	0.959112
1093	0.959112
1094	0.959112
1095	0.959112
1096	0.959112
1097	0.959112
1098	0.959112
1099	0.959112
1100	0.959112
1101	0.959112
1102	0.959112
1103	0.959112
1104	0.959112
1105	0.959112
1106	0.959112
1107	0.959112
1108	0.959112
1109	0.959112
1110	0.959112
1111	0.959112
1112	0.959112
1113	0.959112
1114	0.959112
1115	0.959112
1116	0.959112
1117	0.959112
1118	0.959112
1119	0.959112
1120	0.959112
1121	0.959112
1122	0.959112
1123	0.959112
1124	0.959112
1125	0.959112
1126	0.959112
1127	0.959112
1128	0.959112
1129	0.959112
1130	0.959112
1131	0.959112
1132	0.959112
1133	0.959112
1134	0.959112
1135	0.959112
1136	0.959112
1137	0.959112
1138	0.959112
1139	0.959112
1140	0.959112
1141	0.959112
1142	0.959112
1143	0.959112
1144	0.959112
1145	0.959112
1146	0.959112
1147	0.959112
1148	0.959112
1149	0.959112
1150	0.959112
1151	0.959112
1152	0.959112
1153	0.959112
1154	0.959112
1155	0.959112
1156	0.959112
1157	0.959112
1158	0.959112
1159	0.959112
1160	0.959112
1161	0.959112
1162	0.959112
1163	0.959112
1164	0.959112
1165	0.959112
1166	0.959112
1167	0.959112
1168	0.959112
1169	0.959112
1170	0.959112
1171	0.959112
1172	0.959112
1173	0.959112
1174	0.959112
1175	0.959112
1176	0.959112
1177	0.959112
1178	0.959112
1179	0.959112
1180	0.959112
1181	0.959112
1182	0.959112
1183	0.959112
1184	0.959112
1185	0.959112
1186	0.959112
1187	0.959112
1188	0.959112
1189	0.959112
1190	0.959112
1191	0.959112
1192	0.959112
1193	0.959112
1194	0.959112
1195	0.959112
1196	0.959112
1197	0.959112
1198	0.959112
1199	0.959112
1200	0.959112
1201	0.959112
1202	0.959112
1203	0.959112
1204	0.959112
1205	0.959112
1206	0.959112
1207	0.959112
1208	0.959112
1209	0.959112
1210	0.959112
1211	0.959112
1212	0.959112
1213	0.959112
1214	0.959112
1215	0.959112
1216	0.959112
1217	0.959112
1218	0.959112
1219	0.959112
1220	0.959112
1221	0.959112
1222	0.959112
1223	0.959112
1224	0.959112
1225	0.959112
1226	0.959112
1227	0.959112
1228	0.959112
1229	0.959112
1230	0.959112
1231	0.959112
1232	0.959112
1233	0.959112
1234	0.959112
1235	0.959112
1236	0.959112
1237	0.959112
1238	0.959112
1239	0.959112
1240	0.959112
1241	0.959112
1242	0.959112
1243	0.959112
1244	0.959112
1245	0.959112
1246	0.959112
1247	0.959112
1248	0.959112
1249	0.959112
1250	0.959112
1251	0.959112
1252	0.959112
1253	0.959112
1254	0.959112
1255	0.959112
1256	0.959112
1257	0.959112
1258	0.959112
1259	0.959112
1260	0.959112
1261	0.959112
1262	0.959112
1263	0.959112
1264	0.959112
1265	0.959112
1266	0.959112
1267	0.959112
1268	0.959112
1269	0.959112
1270	0.959112
1271	0.959112
1272	0.959112
1273	0.959112
1274	0.959112
1275	0.959112
1276	0.959112
1277	0.959112
1278	0.959112
1279	0.959112
1280	0.959112
1281	0.959112
1282	0.959112
1283	0.959112
1284	0.959112
1285	0.959112
1286	0.959112
1287	0.959112
1288	0.959112
1289	0.959112
1290	0.959112
1291	0.959112
1292	0.959112
1293	0.959112
1294	0.959112
1295	0.959112
1296	0.959112
1297	0.959112
1298	0.959112
1299	0.959112
1300	0.959112
1301	0.959112
1302	0.959112
1303	0.959112
1304	0.959112
1305	0.959112
1306	0.959112
1307	0.959112
1308	0.959112
1309	0.959112
1310	0.959112
1311	0.959112
1312	0.959112
1313	0.959112
1314	0.959112
1315	0.959112
1316	0.959112
1317	0.959112
1318	0.959112
1319	0.959112
1320	0.959112
1321	0.959112
1322	0.959112
1323	0.959112
1324	0.959112
1325	0.959112
1326	0.959112
1327	0.959112
1328	0.959112
1329	0.959112
1330	0.959112
1331	0.959112
1332	0.959112
1333	0.959112
1334	0.959112
1335	0.959112
1336	0.959112
1337	0.959112
1338	0.959112
1339	0.959112
1340	0.959112
1341	0.959112
1342	0.959112
1343	0.959112
1344	0.959112
1345	0.959112
1346	0.959112
1347	0.959112
1348	0.959112
1349	0.959112
1350	0.959112
1351	0.959112
1352	0.959112
1353	0.959112
1354	0.959112
1355	0.959112
1356	0.959112
1357	0.959112
1358	0.959112
1359	0.959112
1360	0.959112
1361	0.959112
1362	0.959112
1363	0.959112
1364	0.959112
1365	0.959112
1366	0.959112
1367	0.959112
1368	0.959112
1369	0.959112
1370	0.959112
1371	0.959112
1372	0.959112
1373	0.959112
1374	0.959112
1375	0.959112
1376	0.959112
1377	0.959112
1378	0.959112
1379	0.959112
1380	0.959112
1381	0.959112
1382	0.959112
1383	0.959112
1384	0.959112
1385	0.959112
1386	0.959112
1387	0.959112
1388	0.959112
1389	0.959112
1390	0.959112
1391	0.959112
1392	0.959112
1393	0.959112
1394	0.959112
1395	0.959112
1396	0.959112
1397	0.959112
1398	0.959112
1399	0.959112
1400	0.959112
1401	0.959112
1402	0.959112
1403	0.959112
1404	0.959112
1405	0.959112
1406	0.959112
1407	0.959112
1408	0.959112
1409	0.959112
1410	0.959112
1411	0.959112
1412	0.959112
1413	0.959112
1414	0.959112
1415	0.959112
1416	0.959112
1417	0.959112
1418	0.959112
1419	0.959112
1420	0.959112
1421	0.959112
1422	0.959112
1423	0.959112
1424	0.959112
1425	0.959112
1426	0.959112
1427	0.959112
1428	0.959112
1429	0.959112
1430	0.959112
1431	0.959112
1432	0.959112
1433	0.959112
1434	0.959112
1435	0.959112
1436	0.959112
1437	0.959112
1438	0.959112
1439	0.959112
1440	0.959112
1441	0.959112
1442	0.959112
1443	0.959112
1444	0.959112
1445	0.959112
1446	0.959112
1447	0.959112
1448	0.959112
1449	0.959112
1450	0.959112
1451	0.959112
1452	0.959112
1453	0.959112
1454	0.959112
1455	0.959112
1456	0.959112
1457	0.959112
1458	0.959112
1459	0.959112
1460	0.959112
1461	0.959112
1462	0.959112
1463	0.959112
1464	0.959112
1465	0.959112
1466	0.959112
1467	0.959112
1468	0.959112
1469	0.959112
1470	0.959112
1471	0.959112
1472	0.959112
1473	0.959112
1474	0.959112
1475	0.959112
1476	0.959112
1477	0.959112
1478	0.959112
1479	0.959112
1480	0.959112
1481	0.959112
1482	0.959112
1483	0.959112
1484	0.959112
1485	0.959112
1486	0.959112
1487	0.959112
1488	0.959112
1489	0.959112
1490	0.959112
1491	0.959112
1492	0.959112
1493	0.959112
1494	0.959112
1495	0.959112
1496	0.959112
1497	0.959112
1498	0.959112
1499	0.959112
1500	0.959112
1501	0.959112
1502	0.959112
1503	0.959112
1504	0.959112
1505	0.959112
1506	0.959112
1507	0.959112
1508	0.959112
1509	0.959112
1510	0.959112
1511	0.959112
1512	0.959112
1513	0.959112
1514	0.959112
1515	0.959112
1516	0.959112
1517	0.959112
1518	0.959112
1519	0.959112
1520	0.959112
1521	0.959112
1522	0.959112
1523	0.959112
1524	0.959112
1525	0.959112
1526	0.959112
1527	0.959112
1528	0.959112
1529	0.959112
1530	0.959112
1531	0.959112
1532	0.959112
1533	0.959112
1534	0.959112
1535	0.959112
1536	0.959112
1537	0.959112
1538	0.959112
1539	0.959112
1540	0.959112
1541	0.959112
1542	0.959112
1543	0.959112
1544	0.959112
1545	0.959112
1546	0.959112
1547	0.959112
1548	0.959112
1549	0.959112
1550	0.959112
1551	0.959112
1552	0.959112
1553	0.959112
1554	0.959112
1555	0.959112
1556	0.959112
1557	0.959112
1558	0.959112
1559	0.959112
1560	0.959112
1561	0.959112
1562	0.959112
1563	0.959112
1564	0.959112
1565	0.959112
1566	0.959112
1567	0.959112
1568	0.959112
1569	0.959112
1570	0.959112
1571	0.959112
1572	0.959112
1573	0.959112
1574	0.959112
1575	0.959112
1576	0.959112
1577	0.959112
1578	0.959112
1579	0.959112
1580	0.959112
1581	0.959112
1582	0.959112
1583	0.959112
1584	0.959112
1585	0.959112
1586	0.959112
1587	0.959112
1588	0.959112
1589	0.959112
1590	0.959112
1591	0.959112
1592	0.959112
1593	0.959112
1594	0.959112
1595	0.959112
1596	0.959112
1597	0.959112
1598	0.959112
1599	0.959112
1600	0.959112
1601	0.959112
1602	0.959112
1603	0.959112
1604	0.959112
1605	0.959112
1606	0.959112
1607	0.959112
1608	0.959112
1609	0.959112
1610	0.959112
1611	0.959112
1612	0.959112
1613	0.959112
1614	0.959112
1615	0.959112
1616	0.959112
1617	0.959112
1618	0.959112
1619	0.959112
1620	0.959112
1621	0.959112
1622	0.959112
1623	0.959112
1624	0.959112
1625	0.959112
1626	0.959112
1627	0.959112
1628	0.959112
1629	0.959112
1630	0.959112
1631	0.959112
1632	0.959112
1633	0.959112
1634	0.959112
1635	0.959112
1636	0.959112
1637	0.959112
1638	0.959112
1639	0.959112
1640	0.959112
1641	0.959112
1642	0.959112
1643	0.959112
1644	0.959112
1645	0.959112
1646	0.959112
1647	0.959112
1648	0.959112
1649	0.959112
1650	0.959112
1651	0.959112
1652	0.959112
1653	0.959112
1654	0.959112
1655	0.959112
1656	0.959112
1657	0.959112
1658	0.959112
1659	0.959112
1660	0.959112
1661	0.959112
1662	0.959112
1663	0.959112
1664	0.959112
1665	0.959112
1666	0.959112
1667	0.959112
1668	0.959112
1669	0.959112
1670	0.959112
1671	0.959112
1672	0.959112
1673	0.959112
1674	0.959112
1675	0.959112
1676	0.959112
1677	0.959112
1678	0.959112
1679	0.959112
1680	0.959112
1681	0.959112
1682	0.959112
1683	0.959112
1684	0.959112
1685	0.959112
1686	0.959112
1687	0.959112
1688	0.959112
1689	0.959112
1690	0.959112
1691	0.959112
1692	0.959112
1693	0.959112
1694	0.959112
1695	0.959112
1696	0.959112
1697	0.959112
1698	0.959112
1699	0.959112
1700	0.959112
1701	0.959112
1702	0.959112
1703	0.959112
1704	0.959112
1705	0.959112
1706	0.959112
1707	0.959112
1708	0.959112
1709	0.959112
1710	0.959112
1711	0.959112
1712	0.959112
1713	0.959112
1714	0.959112
1715	0.959112
1716	0.959112
1717	0.959112
1718	0.959112
1719	0.959112
1720	0.959112
1721	0.959112
1722	0.959112
1723	0.959112
1724	0.959112
1725	0.959112
1726	0.959112
1727	0.959112
1728	0.959112
1729	0.959112
1730	0.959112
1731	0.959112
1732	0.959112
1733	0.959112
1734	0.959112
1735	0.959112
1736	0.959112
1737	0.959112
1738	0.959112
1739	0.959112
1740	0.959112
1741	0.959112
1742	0.959112
1743	0.959112
1744	0.959112
1745	0.959112
1746	0.959112
1747	0.959112
1748	0.959112
1749	0.959112
1750	0.959112
1751	0.959112
1752	0.959112
1753	0.959112
1754	0.959112
1755	0.959112
1756	0.959112
1757	0.959112
1758	0.959112
1759	0.959112
1760	0.959112
1761	0.959112
1762	0.959112
1763	0.959112
1764	0.959112
1765	0.959112
1766	0.959112
1767	0.959112
1768	0.959112
1769	0.959112
1770	0.959112
1771	0.959112
1772	0.959112
1773	0.959112
1774	0.959112
1775	0.959112
1776	0.959112
1777	0.959112
1778	0.959112
1779	0.959112
1780	0.959112
1781	0.959112
1782	0.959112
1783	0.959112
1784	0.959112
1785	0.959112
1786	0.959112
1787	0.959112
1788	0.959112
1789	0.959112
1790	0.959112
1791	0.959112
1792	0.959112
1793	0.959112
1794	0.959112
1795	0.959112
1796	0.959112
1797	0.959112
1798	0.959112
1799	0.959112
1800	0.959112
1801	0.959112
1802	0.959112
1803	0.959112
1804	0.959112
1805	0.959112
1806	0.959112
1807	0.959112
1808	0.959112
1809	0.959112
1810	0.959112
1811	0.959112
1812	0.959112
1813	0.959112
1814	0.959112
1815	0.959112
1816	0.959112
1817	0.959112
1818	0.959112
1819	0.959112
1820	0.959112
1821	0.959112
1822	0.959112
1823	0.959112
1824	0.959112
1825	0.959112
1826	0.959112
1827	0.959112
1828	0.959112
1829	0.959112
1830	0.959112
1831	0.959112
1832	0.959112
1833	0.959112
1834	0.959112
1835	0.959112
1836	0.959112
1837	0.959112
1838	0.959112
1839	0.959112
1840	0.959112
1841	0.959112
1842	0.959112
1843	0.959112
1844	0.959112
1845	0.959112
1846	0.959112
1847	0.959112
1848	0.959112
1849	0.959112
1850	0.959112
1851	0.959112
1852	0.959112
1853	0.959112
1854	0.959112
1855	0.959112
1856	0.959112
1857	0.959112
1858	0.959112
1859	0.959112
1860	0.959112
1861	0.959112
1862	0.959112
1863	0.959112
1864	0.959112
1865	0.959112
1866	0.959112
1867	0.959112
1868	0.959112
1869	0.959112
1870	0.959112
1871	0.959112
1872	0.959112
1873	0.959112
1874	0.959112
1875	0.959112
1876	0.959112
1877	0.959112
1878	0.959112
1879	0.959112
1880	0.959112
1881	0.959112
1882	0.959112
1883	0.959112
1884	0.959112
1885	0.959112
1886	0.959112
1887	0.959112
1888	0.959112
1889	0.959112
1890	0.959112
1891	0.959112
1892	0.959112
1893	0.959112
1894	0.959112
1895	0.959112
1896	0.959112
1897	0.959112
1898	0.959112
1899	0.959112
1900	0.959112
1901	0.959112
1902	0.959112
1903	0.959112
1904	0.959112
1905	0.959112
1906	0.959112
1907	0.959112
1908	0.959112
1909	0.959112
1910	0.959112
1911	0.959112
1912	0.959112
1913	0.959112
1914	0.959112
1915	0.959112
1916	0.959112
1917	0.959112
1918	0.959112
1919	0.959112
1920	0.959112
1921	0.959112
1922	0.959112
1923	0.959112
1924	0.959112
1925	0.959112
1926	0.959112
1927	0.959112
1928	0.959112
1929	0.959112
1930	0.959112
1931	0.959112
1932	0.959112
1933	0.959112
1934	0.959112
1935	0.959112
1936	0.959112
1937	0.959112
1938	0.959112
1939	0.959112
1940	0.959112
1941	0.959112
1942	0.959112
1943	0.959112
1944	0.959112
1945	0.959112
1946	0.959112
1947	0.959112
1948	0.959112
1949	0.959112
1950	0.959112
1951	0.959112
1952	0.959112
1953	0.959112
1954	0.959112
1955	0.959112
1956	0.959112
1957	0.959112
1958	0.959112
1959	0.959112
1960	0.959112
1961	0.959112
1962	0.959112
1963	0.959112
1964	0.959112
1965	0.959112
1966	0.959112
1967	0.959112
1968	0.959112
1969	0.959112
1970	0.959112
1971	0.959112
1972	0.959112
1973	0.959112
1974	0.959112
1975	0.959112
1976	0.959112
1977	0.959112
1978	0.959112
1979	0.959112
1980	0.959112
1981	0.959112
1982	0.959112
1983	0.959112
1984	0.959112
1985	0.959112
1986	0.959112
1987	0.959112
1988	0.959112
1989	0.959112
1990	0.959112
1991	0.959112
1992	0.959112
1993	0.959112
1994	0.959112
1995	0.959112
1996	0.959112
1997	0.959112
1998	0.959112
1999	0.959112
2000	0.959112
2001	0.959112
2002	0.959112
2003	0.959112
2004	0.959112
2005	0.959112
2006	0.959112
2007	0.959112
2008	0.959112
2009	0.959112
2010	0.959112
2011	0.959112
2012	0.959112
2013	0.959112
2014	0.959112
2015	0.959112
2016	0.959112
2017	0.959112
2018	0.959112
2019	0.959112
2020	0.959112
2021	0.959112
2022	0.959112
2023	0.959112
2024	0.959112
2025	0.959112
2026	0.959112
2027	0.959112
2028	0.959112
2029	0.959112
2030	0.959112
2031	0.959112
2032	0.959112
2033	0.959112
2034	0.959112
2035	0.959112
2036	0.959112
2037	0.959112
2038	0.959112
2039	0.959112
2040	0.959112
2041	0.959112
2042	0.959112
2043	0.959112
2044	0.959112
2045	0.959112
2046	0.959112
2047	0.959112
2048	0.959112
2049	0.959112
2050	0.959112
2051	0.959112
2052	0.959112
2053	0.959112
2054	0.959112
2055	0.959112
2056	0.959112
2057	0.959112
2058	0.959112
2059	0.959112
2060	0.959112
2061	0.959112
2062	0.959112
2063	0.959112
2064	0.959112
2065	0.959112
2066	0.959112
2067	0.959112
2068	0.959112
2069	0.959112
2070	0.959112
2071	0.959112
2072	0.959112
2073	0.959112
2074	0.959112
2075	0.959112
2076	0.959112
2077	0.959112
2078	0.959112
2079	0.959112
2080	0.959112
2081	0.959112
2082	0.959112
2083	0.959112
2084	0.959112
2085	0.959112
2086	0.959112
2087	0.959112
2088	0.959112
2089	0.959112
2090	0.959112
2091	0.959112
2092	0.959112
2093	0.959112
2094	0.959112
2095	0.959112
2096	0.959112
2097	0.959112
2098	0.959112
2099	0.959112
2100	0.959112
2101	0.959112
2102	0.959112
2103	0.959112
2104	0.959112
2105	0.959112
2106	0.959112
2107	0.959112
2108	0.959112
2109	0.959112
2110	0.959112
2111	0.959112
2112	0.959112
2113	0.959112
2114	0.959112
2115	0.959112
2116	0.959112
2117	0.959112
2118	0.959112
2119	0.959112
2120	0.959112
2121	0.959112
2122	0.959112
2123	0.959112
2124	0.959112
2125	0.959112
2126	0.959112
2127	0.959112
2128	0.959112
2129	0.959112
2130	0.959112
2131	0.959112
2132	0.959112
2133	0.959112
2134	0.959112
2135	0.959112
2136	0.959112
2137	0.959112
2138	0.959112
2139	0.959112
2140	0.959112
2141	0.959112
2142	0.959112
2143	0.959112
2144	0.959112
2145	0.959112
2146	0.959112
2147	0.959112
2148	0.959112
2149	0.959112
2150	0.959112
2151	0.959112
2152	0.959112
2153	0.959112
2154	0.959112
2155	0.959112
2156	0.959112
2157	0.959112
2158	0.959112
2159	0.959112
2160	0.959112
2161	0.959112
2162	0.959112
2163	0.959112
2164	0.959112
2165	0.959112
2166	0.959112
2167	0.959112
2168	0.959112
2169	0.959112
2170	0.959112
2171	0.959112
2172	0.959112
2173	0.959112
2174	0.959112
2175	0.959112
2176	0.959112
2177	0.959112
2178	0.959112
2179	0.959112
2180	0.959112
2181	0.959112
2182	0.959112
2183	0.959112
2184	0.959112
2185	0.959112
2186	0.959112
2187	0.959112
2188	0.959112
2189	0.959112
2190	0.959112
2191	0.959112
2192	0.959112
2193	0.959112
2194	0.959112
2195	0.959112
2196	0.959112
2197	0.959112
2198	0.959112
2199	0.959112
2200	0.959112
2201	0.959112
2202	0.959112
2203	0.959112
2204	0.959112
2205	0.959112
2206	0.959112
2207	0.959112
2208	0.959112
2209	0.959112
2210	0.959112
2211	0.959112
2212	0.959112
2213	0.959112
2214	0.959112
2215	0.959112
2216	0.959112
2217	0.959112
2218	0.959112
2219	0.959112
2220	0.959112
2221	0.959112
2222	0.959112
2223	0.959112
2224	0.959112
2225	0.959112
2226	0.959112
2227	0.959112
2228	0.959112
2229	0.959112
2230	0.959112
2231	0.959112
2232	0.959112
2233	0.959112
2234	0.959112
2235	0.959112
2236	0.959112
2237	0.959112
2238	0.959112
2239	0.959112
2240	0.959112
2241	0.959112
2242	0.959112
2243	0.959112
2244	0.959112
2245	0.959112
2246	0.959112
2247	0.959112
2248	0.959112
2249	0.959112
2250	0.959112
2251	0.959112
2252	0.959112
2253	0.959112
2254	0.959112
2255	0.959112
2256	0.959112
2257	0.959112
2258	0.959112
2259	0.959112
2260	0.959112
2261	0.959112
2262	0.959112
2263	0.959112
2264	0.959112
2265	0.959112
2266	0.959112
2267	0.959112
2268	0.959112
2269	0.959112
2270	0.959112
2271	0.959112
2272	0.959112
2273	0.959112
2274	0.959112
2275	0.959112
2276	0.959112
2277	0.959112
2278	0.959112
2279	0.959112
2280	0.959112
2281	0.959112
2282	0.959112
2283	0.959112
2284	0.959112
2285	0.959112
2286	0.959112
2287	0.959112
2288	0.959112
2289	0.959112
2290	0.959112
2291	0.959112
2292	0.959112
2293	0.959112
2294	0.959112
2295	0.959112
2296	0.959112
2297	0.959112
2298	0.959112
2299	0.959112
2300	0.959112
2301	0.959112
2302	0.959112
2303	0.959112
2304	0.959112
2305	0.959112
2306	0.959112
2307	0.959112
2308	0.959112
2309	0.96028
2310	0.96028
2311	0.96028
2312	0.96028
2313	0.96028
2314	0.96028
2315	0.96028
2316	0.96028
2317	0.96028
2318	0.96028
2319	0.96028
2320	0.96028
2321	0.96028
2322	0.96028
2323	0.96028
2324	0.96028
2325	0.96028
2326	0.96028
2327	0.96028
2328	0.96028
2329	0.96028
2330	0.96028
2331	0.96028
2332	0.96028
2333	0.96028
2334	0.96028
2335	0.96028
2336	0.96028
2337	0.96028
2338	0.96028
2339	0.96028
2340	0.96028
2341	0.96028
2342	0.96028
2343	0.96028
2344	0.961449
2345	0.961449
2346	0.961449
2347	0.961449
2348	0.961449
2349	0.961449
2350	0.961449
2351	0.961449
2352	0.961449
2353	0.961449
2354	0.961449
2355	0.961449
2356	0.961449
2357	0.961449
2358	0.961449
2359	0.961449
2360	0.961449
2361	0.961449
2362	0.961449
2363	0.961449
2364	0.961449
2365	0.961449
2366	0.961449
2367	0.961449
2368	0.961449
2369	0.961449
2370	0.961449
2371	0.961449
2372	0.961449
2373	0.961449
2374	0.961449
2375	0.961449
2376	0.961449
2377	0.961449
2378	0.961449
2379	0.961449
2380	0.961449
2381	0.961449
2382	0.961449
2383	0.961449
2384	0.961449
2385	0.961449
2386	0.961449
2387	0.961449
2388	0.961449
2389	0.961449
2390	0.961449
2391	0.961449
2392	0.961449
2393	0.961449
2394	0.961449
2395	0.961449
2396	0.961449
2397	0.961449
2398	0.961449
2399	0.961449
2400	0.961449
2401	0.961449
2402	0.961449
2403	0.961449
2404	0.961449
2405	0.961449
2406	0.961449
2407	0.961449
2408	0.961449
2409	0.961449
2410	0.961449
2411	0.961449
2412	0.961449
2413	0.961449
2414	0.961449
2415	0.961449
2416	0.961449
2417	0.961449
2418	0.961449
2419	0.961449
2420	0.961449
2421	0.961449
2422	0.961449
2423	0.961449
2424	0.961449
2425	0.961449
2426	0.961449
2427	0.961449
2428	0.961449
2429	0.961449
2430	0.961449
2431	0.961449
2432	0.961449
2433	0.961449
2434	0.961449
2435	0.961449
2436	0.961449
2437	0.961449
2438	0.961449
2439	0.961449
2440	0.961449
2441	0.961449
2442	0.961449
2443	0.961449
2444	0.961449
2445	0.961449
2446	0.961449
2447	0.961449
2448	0.961449
2449	0.961449
2450	0.961449
2451	0.961449
2452	0.961449
2453	0.961449
2454	0.961449
2455	0.961449
2456	0.961449
2457	0.962617
2458	0.962617
2459	0.962617
2460	0.962617
2461	0.962617
2462	0.962617
2463	0.962617
2464	0.962617
2465	0.962617
2466	0.962617
2467	0.962617
2468	0.962617
2469	0.962617
2470	0.962617
2471	0.962617
2472	0.962617
2473	0.962617
2474	0.962617
2475	0.962617
2476	0.962617
2477	0.962617
2478	0.962617
2479	0.962617
2480	0.962617
2481	0.962617
2482	0.962617
2483	0.962617
2484	0.962617
2485	0.962617
2486	0.962617
2487	0.962617
2488	0.962617
2489	0.962617
2490	0.962617
2491	0.962617
2492	0.962617
2493	0.962617
2494	0.962617
2495	0.962617
2496	0.962617
2497	0.962617
2498	0.962617
2499	0.962617
2500	0.962617
2501	0.962617
2502	0.962617
2503	0.962617
2504	0.962617
2505	0.962617
2506	0.962617
2507	0.962617
2508	0.962617
2509	0.962617
2510	0.962617
2511	0.962617
2512	0.962617
2513	0.962617
2514	0.962617
2515	0.962617
2516	0.962617
2517	0.962617
2518	0.962617
2519	0.962617
2520	0.962617
2521	0.962617
2522	0.962617
2523	0.962617
2524	0.962617
2525	0.962617
2526	0.962617
2527	0.962617
2528	0.962617
2529	0.962617
2530	0.962617
2531	0.962617
2532	0.962617
2533	0.962617
2534	0.962617
2535	0.962617
2536	0.962617
2537	0.962617
2538	0.962617
2539	0.962617
2540	0.962617
2541	0.962617
2542	0.962617
2543	0.962617
2544	0.962617
2545	0.962617
2546	0.962617
2547	0.962617
2548	0.962617
2549	0.962617
2550	0.962617
2551	0.962617
2552	0.962617
2553	0.962617
2554	0.962617
2555	0.962617
2556	0.962617
2557	0.962617
2558	0.962617
2559	0.962617
2560	0.962617
2561	0.962617
2562	0.962617
2563	0.962617
2564	0.962617
2565	0.962617
2566	0.962617
2567	0.962617
2568	0.962617
2569	0.962617
2570	0.962617
2571	0.962617
2572	0.962617
2573	0.962617
2574	0.962617
2575	0.962617
2576	0.962617
2577	0.962617
2578	0.962617
2579	0.962617
2580	0.962617
2581	0.962617
2582	0.962617
2583	0.962617
2584	0.962617
2585	0.962617
2586	0.962617
2587	0.962617
2588	0.962617
2589	0.962617
2590	0.962617
2591	0.962617
2592	0.962617
2593	0.962617
2594	0.962617
2595	0.962617
2596	0.962617
2597	0.962617
2598	0.962617
2599	0.962617
2600	0.962617
2601	0.962617
2602	0.962617
2603	0.962617
2604	0.962617
2605	0.962617
2606	0.962617
2607	0.962617
2608	0.962617
2609	0.962617
2610	0.962617
2611	0.962617
2612	0.962617
2613	0.962617
2614	0.962617
2615	0.962617
2616	0.962617
2617	0.962617
2618	0.962617
2619	0.962617
2620	0.962617
2621	0.962617
2622	0.962617
2623	0.962617
2624	0.962617
2625	0.962617
2626	0.962617
2627	0.962617
2628	0.962617
2629	0.962617
2630	0.962617
2631	0.962617
2632	0.962617
2633	0.962617
2634	0.962617
2635	0.962617
2636	0.962617
2637	0.962617
2638	0.962617
2639	0.962617
2640	0.962617
2641	0.962617
2642	0.962617
2643	0.962617
2644	0.962617
2645	0.962617
2646	0.962617
2647	0.962617
2648	0.962617
2649	0.962617
2650	0.962617
2651	0.962617
2652	0.962617
2653	0.962617
2654	0.962617
2655	0.962617
2656	0.962617
2657	0.962617
2658	0.962617
2659	0.962617
2660	0.962617
2661	0.962617
2662	0.962617
2663	0.962617
2664	0.962617
2665	0.962617
2666	0.962617
2667	0.962617
2668	0.962617
2669	0.962617
2670	0.962617
2671	0.962617
2672	0.962617
2673	0.962617
2674	0.962617
2675	0.962617
2676	0.962617
2677	0.962617
2678	0.962617
2679	0.962617
2680	0.962617
2681	0.962617
2682	0.962617
2683	0.962617
2684	0.962617
2685	0.962617
2686	0.962617
2687	0.962617
2688	0.962617
2689	0.962617
2690	0.962617
2691	0.962617
2692	0.962617
2693	0.962617
2694	0.962617
2695	0.962617
2696	0.962617
2697	0.962617
2698	0.962617
2699	0.962617
2700	0.962617
2701	0.962617
2702	0.962617
2703	0.962617
2704	0.962617
2705	0.962617
2706	0.962617
2707	0.962617
2708	0.962617
2709	0.962617
2710	0.962617
2711	0.962617
2712	0.962617
2713	0.962617
2714	0.962617
2715	0.962617
2716	0.962617
2717	0.962617
2718	0.962617
2719	0.962617
2720	0.962617
2721	0.962617
2722	0.962617
2723	0.962617
2724	0.962617
2725	0.962617
2726	0.962617
2727	0.962617
2728	0.962617
2729	0.962617
2730	0.962617
2731	0.962617
2732	0.962617
2733	0.962617
2734	0.962617
2735	0.962617
2736	0.962617
2737	0.962617
2738	0.962617
2739	0.962617
2740	0.962617
2741	0.962617
2742	0.962617
2743	0.962617
2744	0.962617
2745	0.962617
2746	0.962617
2747	0.962617
2748	0.962617
2749	0.962617
2750	0.962617
2751	0.962617
2752	0.962617
2753	0.962617
2754	0.962617
2755	0.962617
2756	0.962617
2757	0.962617
2758	0.962617
2759	0.962617
2760	0.962617
2761	0.962617
2762	0.962617
2763	0.962617
2764	0.962617
2765	0.962617
2766	0.962617
2767	0.962617
2768	0.962617
2769	0.962617
2770	0.962617
2771	0.962617
2772	0.962617
2773	0.962617
2774	0.962617
2775	0.962617
2776	0.962617
2777	0.962617
2778	0.962617
2779	0.962617
2780	0.962617
2781	0.962617
2782	0.962617
2783	0.962617
2784	0.962617
2785	0.962617
2786	0.962617
2787	0.962617
2788	0.962617
2789	0.962617
2790	0.962617
2791	0.962617
2792	0.962617
2793	0.962617
2794	0.962617
2795	0.962617
2796	0.962617
2797	0.962617
2798	0.962617
2799	0.962617
2800	0.962617
2801	0.962617
2802	0.962617
2803	0.962617
2804	0.962617
2805	0.962617
2806	0.962617
2807	0.962617
2808	0.962617
2809	0.962617
2810	0.962617
2811	0.962617
2812	0.962617
2813	0.962617
2814	0.962617
2815	0.962617
2816	0.962617
2817	0.962617
2818	0.962617
2819	0.962617
2820	0.962617
2821	0.962617
2822	0.962617
2823	0.962617
2824	0.962617
2825	0.962617
2826	0.962617
2827	0.962617
2828	0.962617
2829	0.962617
2830	0.962617
2831	0.962617
2832	0.962617
2833	0.962617
2834	0.962617
2835	0.962617
2836	0.962617
2837	0.962617
2838	0.962617
2839	0.962617
2840	0.962617
2841	0.962617
2842	0.962617
2843	0.962617
2844	0.962617
2845	0.962617
2846	0.962617
2847	0.962617
2848	0.962617
2849	0.962617
2850	0.962617
2851	0.962617
2852	0.962617
2853	0.962617
2854	0.962617
2855	0.962617
2856	0.962617
2857	0.962617
2858	0.962617
2859	0.962617
2860	0.962617
2861	0.962617
2862	0.962617
2863	0.962617
2864	0.962617
2865	0.962617
2866	0.962617
2867	0.962617
2868	0.962617
2869	0.962617
2870	0.962617
2871	0.962617
2872	0.962617
2873	0.962617
2874	0.962617
2875	0.962617
2876	0.962617
2877	0.962617
2878	0.962617
2879	0.962617
2880	0.962617
2881	0.962617
2882	0.962617
2883	0.962617
2884	0.962617
2885	0.962617
2886	0.962617
2887	0.962617
2888	0.962617
2889	0.962617
2890	0.962617
2891	0.962617
2892	0.962617
2893	0.962617
2894	0.962617
2895	0.962617
2896	0.962617
2897	0.962617
2898	0.962617
2899	0.962617
2900	0.962617
2901	0.962617
2902	0.962617
2903	0.962617
2904	0.962617
2905	0.962617
2906	0.962617
2907	0.962617
2908	0.962617
2909	0.962617
2910	0.962617
2911	0.962617
2912	0.962617
2913	0.962617
2914	0.962617
2915	0.962617
2916	0.962617
2917	0.962617
2918	0.962617
2919	0.962617
2920	0.962617
2921	0.962617
2922	0.962617
2923	0.962617
2924	0.962617
2925	0.962617
2926	0.962617
2927	0.962617
2928	0.962617
2929	0.962617
2930	0.962617
2931	0.962617
2932	0.962617
2933	0.962617
2934	0.962617
2935	0.962617
2936	0.962617
2937	0.962617
2938	0.962617
2939	0.962617
2940	0.962617
2941	0.962617
2942	0.962617
2943	0.962617
2944	0.962617
2945	0.962617
2946	0.962617
2947	0.962617
2948	0.962617
2949	0.962617
2950	0.962617
2951	0.962617
2952	0.962617
2953	0.962617
2954	0.962617
2955	0.962617
2956	0.962617
2957	0.962617
2958	0.962617
2959	0.962617
2960	0.962617
2961	0.962617
2962	0.962617
2963	0.962617
2964	0.962617
2965	0.962617
2966	0.962617
2967	0.962617
2968	0.962617
2969	0.962617
2970	0.962617
2971	0.962617
2972	0.962617
2973	0.962617
2974	0.962617
2975	0.962617
2976	0.962617
2977	0.962617
2978	0.962617
2979	0.962617
2980	0.962617
2981	0.962617
2982	0.962617
2983	0.962617
2984	0.962617
2985	0.962617
2986	0.962617
2987	0.962617
2988	0.962617
2989	0.962617
2990	0.962617
2991	0.962617
2992	0.962617
2993	0.962617
2994	0.962617
2995	0.962617
2996	0.962617
2997	0.962617
2998	0.962617
2999	0.962617
3000	0.962617
3001	0.962617
3002	0.962617
3003	0.962617
3004	0.962617
3005	0.962617
3006	0.962617
3007	0.962617
3008	0.962617
3009	0.962617
3010	0.962617
3011	0.962617
3012	0.962617
3013	0.962617
3014	0.962617
3015	0.962617
3016	0.962617
3017	0.962617
3018	0.962617
3019	0.962617
3020	0.962617
3021	0.962617
3022	0.962617
3023	0.962617
3024	0.962617
3025	0.962617
3026	0.962617
3027	0.962617
3028	0.962617
3029	0.962617
3030	0.962617
3031	0.962617
3032	0.962617
3033	0.962617
3034	0.962617
3035	0.962617
3036	0.962617
3037	0.962617
3038	0.962617
3039	0.962617
3040	0.962617
3041	0.962617
3042	0.962617
3043	0.962617
3044	0.962617
3045	0.962617
3046	0.962617
3047	0.962617
3048	0.962617
3049	0.962617
3050	0.962617
3051	0.962617
3052	0.962617
3053	0.962617
3054	0.962617
3055	0.962617
3056	0.962617
3057	0.962617
3058	0.962617
3059	0.962617
3060	0.962617
3061	0.962617
3062	0.962617
3063	0.962617
3064	0.962617
3065	0.962617
3066	0.962617
3067	0.962617
3068	0.962617
3069	0.962617
3070	0.962617
3071	0.962617
3072	0.962617
3073	0.962617
3074	0.962617
3075	0.962617
3076	0.962617
3077	0.962617
3078	0.962617
3079	0.962617
3080	0.962617
3081	0.962617
3082	0.962617
3083	0.962617
3084	0.962617
3085	0.962617
3086	0.962617
3087	0.962617
3088	0.962617
3089	0.962617
3090	0.962617
3091	0.962617
3092	0.962617
3093	0.962617
3094	0.962617
3095	0.962617
3096	0.962617
3097	0.962617
3098	0.962617
3099	0.962617
3100	0.962617
3101	0.962617
3102	0.962617
3103	0.962617
3104	0.962617
3105	0.962617
3106	0.962617
3107	0.962617
3108	0.962617
3109	0.962617
3110	0.962617
3111	0.962617
3112	0.962617
3113	0.962617
3114	0.962617
3115	0.962617
3116	0.962617
3117	0.962617
3118	0.962617
3119	0.962617
3120	0.962617
3121	0.962617
3122	0.962617
3123	0.962617
3124	0.962617
3125	0.962617
3126	0.962617
3127	0.962617
3128	0.962617
3129	0.962617
3130	0.962617
3131	0.962617
3132	0.962617
3133	0.962617
3134	0.962617
3135	0.962617
3136	0.962617
3137	0.962617
3138	0.962617
3139	0.962617
3140	0.962617
3141	0.962617
3142	0.962617
3143	0.962617
3144	0.962617
3145	0.962617
3146	0.962617
3147	0.962617
3148	0.962617
3149	0.962617
3150	0.962617
3151	0.962617
3152	0.962617
3153	0.962617
3154	0.962617
3155	0.962617
3156	0.962617
3157	0.962617
3158	0.962617
3159	0.962617
3160	0.962617
3161	0.962617
3162	0.962617
3163	0.962617
3164	0.962617
3165	0.962617
3166	0.962617
3167	0.962617
3168	0.962617
3169	0.962617
3170	0.962617
3171	0.962617
3172	0.962617
3173	0.962617
3174	0.962617
3175	0.962617
3176	0.962617
3177	0.962617
3178	0.962617
3179	0.962617
3180	0.962617
3181	0.962617
3182	0.962617
3183	0.962617
3184	0.962617
3185	0.962617
3186	0.962617
3187	0.962617
3188	0.962617
3189	0.962617
3190	0.962617
3191	0.962617
3192	0.962617
3193	0.962617
3194	0.962617
3195	0.962617
3196	0.962617
3197	0.962617
3198	0.962617
3199	0.962617
3200	0.962617
3201	0.962617
3202	0.962617
3203	0.962617
3204	0.962617
3205	0.962617
3206	0.962617
3207	0.962617
3208	0.962617
3209	0.962617
3210	0.962617
3211	0.962617
3212	0.962617
3213	0.962617
3214	0.962617
3215	0.962617
3216	0.962617
3217	0.962617
3218	0.962617
3219	0.962617
3220	0.962617
3221	0.962617
3222	0.962617
3223	0.962617
3224	0.962617
3225	0.962617
3226	0.962617
3227	0.962617
3228	0.962617
3229	0.962617
3230	0.962617
3231	0.962617
3232	0.962617
3233	0.962617
3234	0.962617
3235	0.962617
3236	0.962617
3237	0.962617
3238	0.962617
3239	0.962617
3240	0.962617
3241	0.962617
3242	0.962617
3243	0.962617
3244	0.962617
3245	0.962617
3246	0.962617
3247	0.962617
3248	0.962617
3249	0.962617
3250	0.962617
3251	0.962617
3252	0.962617
3253	0.962617
3254	0.962617
3255	0.962617
3256	0.962617
3257	0.962617
3258	0.962617
3259	0.962617
3260	0.962617
3261	0.962617
3262	0.962617
3263	0.962617
3264	0.962617
3265	0.962617
3266	0.962617
3267	0.962617
3268	0.962617
3269	0.962617
3270	0.962617
3271	0.962617
3272	0.962617
3273	0.962617
3274	0.962617
3275	0.962617
3276	0.962617
3277	0.962617
3278	0.962617
3279	0.962617
3280	0.962617
3281	0.962617
3282	0.962617
3283	0.962617
3284	0.962617
3285	0.962617
3286	0.962617
3287	0.962617
3288	0.962617
3289	0.962617
3290	0.962617
3291	0.962617
3292	0.962617
3293	0.962617
3294	0.962617
3295	0.962617
3296	0.962617
3297	0.962617
3298	0.962617
3299	0.962617
3300	0.962617
3301	0.962617
3302	0.962617
3303	0.962617
3304	0.962617
3305	0.962617
3306	0.962617
3307	0.962617
3308	0.962617
3309	0.962617
3310	0.962617
3311	0.962617
3312	0.962617
3313	0.962617
3314	0.962617
3315	0.962617
3316	0.962617
3317	0.962617
3318	0.962617
3319	0.962617
3320	0.962617
3321	0.962617
3322	0.962617
3323	0.962617
3324	0.962617
3325	0.962617
3326	0.962617
3327	0.962617
3328	0.962617
3329	0.962617
3330	0.962617
3331	0.962617
3332	0.962617
3333	0.962617
3334	0.962617
3335	0.962617
3336	0.962617
3337	0.962617
3338	0.962617
3339	0.962617
3340	0.962617
3341	0.962617
3342	0.962617
3343	0.962617
3344	0.962617
3345	0.962617
3346	0.962617
3347	0.962617
3348	0.962617
3349	0.962617
3350	0.962617
3351	0.963785
3352	0.963785
3353	0.963785
3354	0.963785
3355	0.963785
3356	0.963785
3357	0.963785
3358	0.963785
3359	0.963785
3360	0.963785
3361	0.963785
3362	0.963785
3363	0.963785
3364	0.963785
3365	0.963785
3366	0.963785
3367	0.963785
3368	0.963785
3369	0.963785
3370	0.963785
3371	0.963785
3372	0.963785
3373	0.963785
3374	0.963785
3375	0.963785
3376	0.963785
3377	0.963785
3378	0.963785
3379	0.963785
3380	0.963785
3381	0.963785
3382	0.963785
3383	0.963785
3384	0.963785
3385	0.963785
3386	0.963785
3387	0.963785
3388	0.963785
3389	0.963785
3390	0.963785
3391	0.963785
3392	0.963785
3393	0.963785
3394	0.963785
3395	0.963785
3396	0.963785
3397	0.963785
3398	0.963785
3399	0.963785
3400	0.963785
3401	0.963785
3402	0.963785
3403	0.963785
3404	0.963785
3405	0.963785
3406	0.963785
3407	0.963785
3408	0.963785
3409	0.963785
3410	0.963785
3411	0.963785
3412	0.963785
3413	0.963785
3414	0.963785
3415	0.963785
3416	0.963785
3417	0.963785
3418	0.963785
3419	0.963785
3420	0.963785
3421	0.963785
3422	0.963785
3423	0.963785
3424	0.963785
3425	0.963785
3426	0.963785
3427	0.963785
3428	0.963785
3429	0.963785
3430	0.963785
3431	0.963785
3432	0.963785
3433	0.963785
3434	0.963785
3435	0.963785
3436	0.963785
3437	0.963785
3438	0.963785
3439	0.963785
3440	0.963785
3441	0.963785
3442	0.963785
3443	0.963785
3444	0.963785
3445	0.963785
3446	0.963785
3447	0.963785
3448	0.963785
3449	0.963785
3450	0.963785
3451	0.963785
3452	0.963785
3453	0.963785
3454	0.963785
3455	0.963785
3456	0.963785
3457	0.963785
3458	0.963785
3459	0.963785
3460	0.963785
3461	0.963785
3462	0.963785
3463	0.963785
3464	0.963785
3465	0.963785
3466	0.963785
3467	0.963785
3468	0.963785
3469	0.963785
3470	0.963785
3471	0.963785
3472	0.963785
3473	0.963785
3474	0.963785
3475	0.963785
3476	0.963785
3477	0.963785
3478	0.963785
3479	0.963785
3480	0.963785
3481	0.963785
3482	0.963785
3483	0.963785
3484	0.963785
3485	0.963785
3486	0.963785
3487	0.963785
3488	0.963785
3489	0.963785
3490	0.963785
3491	0.963785
3492	0.963785
3493	0.963785
3494	0.963785
3495	0.963785
3496	0.963785
3497	0.963785
3498	0.963785
3499	0.963785
3500	0.963785
3501	0.963785
3502	0.963785
3503	0.963785
3504	0.963785
3505	0.963785
3506	0.963785
3507	0.963785
3508	0.963785
3509	0.963785
3510	0.963785
3511	0.963785
3512	0.963785
3513	0.963785
3514	0.963785
3515	0.963785
3516	0.963785
3517	0.963785
3518	0.963785
3519	0.963785
3520	0.963785
3521	0.963785
3522	0.963785
3523	0.963785
3524	0.963785
3525	0.963785
3526	0.963785
3527	0.963785
3528	0.963785
3529	0.963785
3530	0.963785
3531	0.963785
3532	0.963785
3533	0.963785
3534	0.963785
3535	0.963785
3536	0.963785
3537	0.963785
3538	0.963785
3539	0.963785
3540	0.963785
3541	0.963785
3542	0.963785
3543	0.963785
3544	0.963785
3545	0.963785
3546	0.963785
3547	0.963785
3548	0.963785
3549	0.963785
3550	0.963785
3551	0.963785
3552	0.963785
3553	0.963785
3554	0.963785
3555	0.963785
3556	0.963785
3557	0.963785
3558	0.963785
3559	0.963785
3560	0.963785
3561	0.963785
3562	0.963785
3563	0.963785
3564	0.963785
3565	0.963785
3566	0.963785
3567	0.963785
3568	0.963785
3569	0.963785
3570	0.963785
3571	0.963785
3572	0.963785
3573	0.963785
3574	0.963785
3575	0.963785
3576	0.963785
3577	0.963785
3578	0.963785
3579	0.963785
3580	0.963785
3581	0.963785
3582	0.963785
3583	0.963785
3584	0.963785
3585	0.963785
3586	0.963785
3587	0.963785
3588	0.963785
3589	0.963785
3590	0.963785
3591	0.963785
3592	0.963785
3593	0.963785
3594	0.963785
3595	0.963785
3596	0.963785
3597	0.963785
3598	0.963785
3599	0.963785
3600	0.963785
