5666
0.955607
1	1	1	1	1	11010000101001	00000000000000	11001011011111	0	0
1	2	3	1	2	10000100001100	01001001111111	11100001100111	0	1
1	3	2	1	3	10001111010100	10110101110100	10001011011101	0	1
1	4	3	1	4	00101001010100	00010101000010	01001100111010	0	1
1	5	2	2	1	10010100101110	11101111000100	00101100101111	0	0
1	6	2	2	2	01101101101000	11100111011111	10101100110111	0	0
1	7	1	2	3	11101011011100	10000000000000	00100100010100	0	0
1	8	2	2	4	00110001101010	00011100110010	11111010110011	0	0
1	9	2	3	1	01100000000011	00110000001111	01110000010001	0	0
1	10	1	3	2	01010011011000	01000000000000	10000111101110	0	0
1	11	2	3	3	11100101001110	11001001100001	10010011100110	0	0
1	12	2	3	4	00010000000010	00010010011110	00111000000110	0	0
1	13	2	4	1	00101110101101	01010111100000	10011100011010	0	0
1	14	1	4	2	10000011111010	11000000000000	10000011101100	0	0
1	15	2	4	3	00010001011000	01001111011001	00010000000111	0	0
1	16	3	4	4	11100010011110	11110110010110	01001000100111	0	0
1	17	2	5	1	10110011100101	10110101100110	10111101100011	0	1
1	18	3	5	2	10110000100111	10001001101001	00101000011111	0	0
1	19	2	5	3	11010111101110	00010010110110	10011100001001	0	0
1	20	2	5	4	00010100000011	10101100010110	00000111100000	0	0
2	1	2	1	1	00101011010010	00111100101010	10000101001010	0	0
2	2	2	1	2	10010000101010	01110000101110	00000001001110	0	0
2	3	2	1	3	01001010000110	11010011110010	00001101111000	0	0
2	4	3	1	4	01111101001100	10100101100101	01110000111011	0	0
2	5	2	2	1	01100100001011	00110010110001	10011000100011	0	0
2	6	2	2	2	00110000010001	01010101000011	00110100011100	0	1
2	7	3	2	3	10110000000111	11111000100001	10000000111001	0	0
2	8	3	2	4	00111000111001	10100010010001	11111011100101	0	1
2	9	1	3	1	01101110110010	00000000000000	10001001010110	0	0
2	10	2	3	2	01110011110010	10001001110110	10101011110101	0	0
2	11	1	3	3	01101000000100	10000000000000	11110000000011	0	0
2	12	2	3	4	00110111101100	11001101000101	00110000111011	0	0
2	13	2	4	1	00000101100100	01010100100010	10100110110111	0	0
2	14	2	4	2	01101101111000	11011010110101	01110111110111	0	0
2	15	3	4	3	10110111100110	10011010101111	10011011101001	0	1
2	16	1	4	4	00110011000011	01000000000000	10000111100110	0	0
2	17	2	5	1	01110100111000	00011100010110	11000111100010	0	0
2	18	1	5	2	00111110110111	11000000000000	00111110110001	0	0
2	19	2	5	3	11110100111001	10001000001011	11101111110100	0	0
2	20	2	5	4	00000001000101	11110010010010	10100111111010	0	1
3	1	2	1	1	01011101101100	10000110100101	00110110110111	0	0
3	2	3	1	2	10001101011001	10100011001110	01000010001010	0	1
3	3	2	1	3	11100110010111	10011010001011	10010100000011	0	0
3	4	2	1	4	10110010101101	11010101000100	01110101110100	0	0
3	5	1	2	1	00000111001010	00000000000000	01111011001000	0	1
3	6	2	2	2	01010010001101	01011101010010	11111010010010	0	1
3	7	1	2	3	00011111000011	10000000000000	11111110011101	0	0
3	8	2	2	4	00011010100010	00000011011001	10001010010101	0	0
3	9	2	3	1	01001000111110	11101010100001	01010101001000	0	0
3	10	3	3	2	00100111001110	11100101011011	00010010101101	0	0
3	11	2	3	3	11010111101000	00010000010010	00101111010010	0	0
3	12	2	3	4	10001001100000	00110111110010	00110110101110	0	0
3	13	1	4	1	11110101110010	01000000000000	00010011001111	0	0
3	14	2	4	2	01000111111001	00101000000000	01001011001100	0	0
3	15	2	4	3	01001111100010	00001111011000	11000101000010	0	0
3	16	2	4	4	00111000111011	00100100101001	01101010101000	0	0
3	17	3	5	1	11100111000100	10100000010110	01111101000100	0	0
3	18	1	5	2	11011111100100	11000000000000	01111111001010	0	1
3	19	2	5	3	01110011011010	01010101101000	00111111110101	0	0
3	20	3	5	4	01101101001110	11010001111100	11011100011100	0	0
4	1	2	1	1	11100110100110	10100101100110	11111001000010	0	0
4	2	2	1	2	11001001100001	01011011000101	00000100000011	0	0
4	3	2	1	3	11000001011100	10110110111110	10110110010000	0	0
4	4	3	1	4	00000010011110	01111000010011	00110110110101	0	0
4	5	3	2	1	00100011101111	11001100101111	00010000101010	0	0
4	6	2	2	2	00011110111110	01100010110110	11111010000010	0	0
4	7	1	2	3	10111101010000	00000000000000	00001100000011	0	0
4	8	2	2	4	00001001011100	00101101000110	10111110010000	0	0
4	9	2	3	1	00110011101111	01111111000001	01100001010111	0	1
4	10	1	3	2	00101011001110	10000000000000	00001000000010	0	0
4	11	2	3	3	00000101101010	11101000100000	11110010110010	0	0
4	12	2	3	4	11110011000000	00001010001100	10100000100001	0	1
4	13	2	4	1	01111101001011	10000010111010	00111010100010	0	0
4	14	3	4	2	00001000001100	01001111001010	00000011010011	0	0
4	15	2	4	3	00100110001100	01011001111001	11000100110100	0	0
4	16	1	4	4	00001110000010	01000000000000	00101100011111	0	1
4	17	3	5	1	01111001000111	00101100011101	10011010101101	0	1
4	18	2	5	2	01100101110111	10110001111110	11100110000110	0	0
4	19	1	5	3	00101101111111	11000000000000	10101100101000	0	0
4	20	2	5	4	11100111111110	01100010101011	01011101011100	0	0
5	1	2	1	1	00001100011010	00000111010011	10001111010111	0	0
5	2	2	1	2	01010010101111	00011100001010	01100001111110	0	0
5	3	2	1	3	00110010010010	11101010001001	11000110000111	0	0
5	4	3	1	4	10011000100010	11010110010110	11100101101000	0	0
5	5	2	2	1	10100100111101	00010101010001	10101101001001	0	0
5	6	1	2	2	00000000010101	00000000000000	01110111011000	0	0
5	7	2	2	3	10101010010000	10100110100011	10101101100010	0	1
5	8	2	2	4	00001000011101	01001001010110	00111101010011	0	0
5	9	1	3	1	01001111000001	10000000000000	01101111110010	0	0
5	10	1	3	2	11001101100011	01000000000000	01100001110110	0	1
5	11	3	3	3	01111000000110	00011110010111	00101110100111	0	1
5	12	2	3	4	11110001111001	11110110001000	11000001001100	0	0
5	13	2	4	1	00010010101110	11000110110110	11011100000000	0	0
5	14	2	4	2	10110011100000	11010011011000	01011000111110	0	0
5	15	3	4	3	10101111110111	01100000001111	01110010011010	0	0
5	16	2	4	4	10100010110110	00001011100011	11101101011000	0	0
5	17	3	5	1	00000010011001	10000111101110	11101010011101	0	0
5	18	1	5	2	01001011100010	11000000000000	00001000000111	0	0
5	19	2	5	3	00110110001100	00100001011000	11001101010101	0	0
5	20	2	5	4	01011010010110	00101010100100	01110010101110	0	1
6	1	2	1	1	10110011010100	01001100010000	00111111011000	0	1
6	2	2	1	2	01011100011110	11101000001000	10101000110110	0	0
6	3	1	1	3	00010010111011	00000000000000	11100100101111	0	0
6	4	3	1	4	01000110101000	10111000110110	10100001000000	0	1
6	5	2	2	1	11001010010101	01100100011000	10100110100111	0	0
6	6	3	2	2	10001001110001	10100100011010	11100000110011	0	0
6	7	3	2	3	10011010000111	01011011101011	11100100110101	0	0
6	8	2	2	4	00001110000101	11111001100010	10000000110010	0	0
6	9	2	3	1	10011100101111	01000011100110	10101111111110	0	0
6	10	1	3	2	10000111000110	10000000000000	10000001111001	0	0
6	11	1	3	3	10111101101010	01000000000000	00110001011100	0	0
6	12	2	3	4	01110100010101	10011111101111	10011111011101	0	0
6	13	2	4	1	10001001101011	11000010110101	01101010011100	0	0
6	14	1	4	2	01111111001100	11000000000000	10001010101000	0	1
6	15	3	4	3	10101001101100	00111101011111	11000011001000	0	1
6	16	2	4	4	10010101111011	11110001000110	00100111101100	0	0
6	17	2	5	1	11011111011011	11011111101110	10100001110101	0	0
6	18	2	5	2	11110100110101	11001001010101	00010111011111	0	0
6	19	2	5	3	11000111101001	10001010000100	11000110000000	0	0
6	20	2	5	4	01001111000101	11100100001001	00101010101010	0	0
7	1	3	1	1	01010001000010	10100000000010	01010000011110	0	0
7	2	2	1	2	10000001000101	00100001110000	10110011011100	0	0
7	3	2	1	3	01100001010110	11110001100111	10011011000011	0	0
7	4	1	1	4	11100111000100	00000000000000	01001000110110	0	0
7	5	2	2	1	10010111100101	01001111011111	01110100000110	0	1
7	6	1	2	2	01010011010100	10000000000000	00011110110101	0	0
7	7	3	2	3	11110001000010	11110011010010	11101111000101	0	0
7	8	2	2	4	10011010101110	00011111111100	01111001110101	0	1
7	9	2	3	1	10011000111110	00110000101101	01111011101111	0	0
7	10	2	3	2	11101010001110	00001010001011	11000010111001	0	0
7	11	2	3	3	00110101101000	10001010011111	11100100010100	0	1
7	12	3	3	4	01101101101011	11111101000111	10011100110011	0	0
7	13	1	4	1	01110101111011	01000000000000	01011000100100	0	0
7	14	1	4	2	10111110101010	11000000000000	01110101111001	0	1
7	15	3	4	3	00101001000100	10100011111101	01001010100001	0	0
7	16	2	4	4	01001101000100	01010001111011	01110110100011	0	0
7	17	2	5	1	11110001001100	00110000010001	01100011001001	0	0
7	18	2	5	2	11110100100100	10111010101110	11010111000000	0	0
7	19	2	5	3	11010001001101	00010011100000	11001010010011	0	0
7	20	2	5	4	11101100000010	01001011010110	11101101001100	0	0
8	1	2	1	1	11100001001001	10101011100001	10000010010010	0	0
8	2	2	1	2	00100001101110	10100111000111	00111111000111	0	1
8	3	3	1	3	01101100001101	10001000010101	11100101100100	0	0
8	4	2	1	4	00100111101111	00101011110011	01101001011011	0	0
8	5	1	2	1	00011110101100	00000000000000	00101100111011	0	0
8	6	3	2	2	10010101101000	01110100000111	00110011011101	0	0
8	7	1	2	3	01010010011101	10000000000000	10101010111001	0	1
8	8	3	2	4	01100101110000	00011011111100	00001100010110	0	0
8	9	1	3	1	01011010011010	01000000000000	10100101001111	0	0
8	10	2	3	2	01110100100110	00111110001000	00101011010011	0	0
8	11	3	3	3	10110001100000	11111101011011	00110000010101	0	0
8	12	2	3	4	00101110000001	10010101100010	11000110101100	0	1
8	13	2	4	1	00001110011001	00100000100100	00100111001110	0	0
8	14	2	4	2	11111001001010	10111101110110	10100000011110	0	0
8	15	2	4	3	11100011010000	01101010011011	00011111110101	0	0
8	16	2	4	4	00101010000011	00010000111001	10010100101001	0	0
8	17	2	5	1	10011111100011	00111101110110	00100010110000	0	0
8	18	2	5	2	11110110110011	01100001100101	00110101110100	0	1
8	19	2	5	3	10010110011001	01101000000001	11010010100010	0	0
8	20	1	5	4	01000101100001	11000000000000	00100011110110	0	0
9	1	3	1	1	01101110111001	11101001100010	01111110100001	0	0
9	2	2	1	2	11110110101011	00001101010110	00010100011011	0	0
9	3	1	1	3	00111101001101	00000000000000	01001010011010	0	0
9	4	3	1	4	01000001010000	11110100010011	10111010110010	0	1
9	5	1	2	1	10111010100011	10000000000000	11011101010101	0	0
9	6	2	2	2	01111101001000	10001000010011	10101000101110	0	0
9	7	2	2	3	10110010110011	11001110000110	01000010101101	0	0
9	8	2	2	4	00111001111111	11111110000010	11001001111101	0	0
9	9	2	3	1	00101000110100	10011111110110	01000111111010	0	1
9	10	2	3	2	10000111010100	11111010001001	00001000011110	0	0
9	11	2	3	3	11110110011001	11110000101110	00010100011000	0	1
9	12	3	3	4	01011100011000	11001001011111	00011101011101	0	0
9	13	2	4	1	10000001110111	11000111011110	11010100101011	0	1
9	14	2	4	2	01011000101101	10001001000000	11101101000100	0	0
9	15	2	4	3	11000010111101	00011001110011	01101001110101	0	0
9	16	2	4	4	10100011101000	11011001110110	00010100100010	0	0
9	17	1	5	1	01011101010011	01000000000000	10111111100110	0	0
9	18	2	5	2	00000111101110	01101101000000	01011111100001	0	0
9	19	1	5	3	11000101001110	11000000000000	00001101011010	0	0
9	20	3	5	4	11000111101001	01010110011000	01101111100101	0	0
10	1	3	1	1	11010100001100	11010010100100	10001001001111	0	0
10	2	2	1	2	01010010001001	11110100010001	10100111010001	0	1
10	3	2	1	3	11010101100010	00010000011110	11010000000110	0	1
10	4	2	1	4	00111011100011	00101000111011	01001111001011	0	0
10	5	2	2	1	01000110011100	01011110011111	00111110101000	0	0
10	6	2	2	2	10010010010110	10010000011111	00000101010000	0	0
10	7	2	2	3	10001010101111	11000100010000	00100000011011	0	0
10	8	3	2	4	01101101100110	01011100001001	10111110111111	0	0
10	9	1	3	1	00010010001100	00000000000000	10101001000101	0	0
10	10	1	3	2	10100010010000	10000000000000	10000100000010	0	0
10	11	3	3	3	00100011101111	00100011101111	01101000000100	0	1
10	12	2	3	4	11000111000010	11000111011111	11111010110110	0	0
10	13	2	4	1	00100111110011	00010001101010	10010000111001	0	0
10	14	1	4	2	00111010000111	01000000000000	00000001110001	0	0
10	15	2	4	3	10110100000001	10011100100000	11110001101000	0	0
10	16	2	4	4	11011011100000	11100001000000	10011110100111	0	1
10	17	2	5	1	00001110001011	01101101011001	00101010111011	0	0
10	18	1	5	2	00010110010000	11000000000000	11010011011100	0	0
10	19	2	5	3	10001101001111	01110001100000	01010010101000	0	0
10	20	3	5	4	01011011110001	11001110010001	10000111010101	0	0
11	1	1	1	1	01110110011011	00000000000000	10010011000111	0	0
11	2	2	1	2	10101111100110	10111011000100	10000101110100	0	0
11	3	1	1	3	01100100111010	10000000000000	00011110100110	0	1
11	4	2	1	4	10110000011001	11000101010111	00010110101101	0	0
11	5	1	2	1	11010110111011	01000000000000	00001000100100	0	1
11	6	2	2	2	11100110011100	10010001111101	11001110101100	0	0
11	7	2	2	3	11101011100010	00000000111100	11001011111110	0	0
11	8	3	2	4	00010100001010	01100101011100	10001010100100	0	0
11	9	2	3	1	10101101000011	11011001111111	11010100001101	0	0
11	10	1	3	2	11010101010011	11000000000000	01001111100100	0	0
11	11	2	3	3	00111000101111	10011011001001	11100110000011	0	0
11	12	2	3	4	00111000001010	10001011001001	01010000111011	0	0
11	13	3	4	1	00000100011010	11010110110001	11110100001110	0	0
11	14	2	4	2	11111011000101	01011101101110	11101010110110	0	0
11	15	2	4	3	00101110001001	10001101010110	11010100101110	0	0
11	16	2	4	4	11101010110101	00001101111011	10010001011001	0	1
11	17	2	5	1	00011011001011	10100001010110	11011001101011	0	0
11	18	2	5	2	10010010011001	10100000001011	00110001010100	0	0
11	19	3	5	3	11000110111010	10000000110001	01010010011000	0	0
11	20	3	5	4	00110001111111	00000100111001	11011110111110	0	1
12	1	2	1	1	00110111101110	01110101000011	11010101000011	0	0
12	2	1	1	2	01100110110110	00000000000000	01111101111000	0	1
12	3	2	1	3	00111100111111	00000000101101	01001000111111	0	0
12	4	2	1	4	10010000110101	01110000010001	10101010110101	0	0
12	5	2	2	1	10101100001011	10011001010110	01101100010100	0	0
12	6	2	2	2	11111101010111	10000011010001	00101011011100	0	1
12	7	1	2	3	11010011111000	10000000000000	00001001100101	0	0
12	8	2	2	4	00111101000100	01011011111011	10011100001110	0	0
12	9	2	3	1	00001100001110	00000101010100	10011000110011	0	0
12	10	2	3	2	11111100100101	11100010101110	00000100001100	0	0
12	11	3	3	3	01100110000101	00110100001101	00011101101011	0	0
12	12	2	3	4	11001101001101	01011010111001	00100000001001	0	0
12	13	3	4	1	10100000111010	10111101111100	11111011001001	0	0
12	14	2	4	2	00000011110001	01010001000110	00111101010000	0	1
12	15	2	4	3	10000010011111	00100001011100	00110000110111	0	0
12	16	3	4	4	01011111100111	11101001101101	11100110000011	0	0
12	17	2	5	1	01110010111110	00101000001111	11101110101010	0	0
12	18	1	5	2	10010000001111	01000000000000	10100011101000	0	0
12	19	3	5	3	01000010110100	00111011011001	10001001100011	0	0
12	20	1	5	4	11101001100001	11000000000000	11010111011011	0	1
13	1	2	1	1	10110110100010	01101011011001	01000000000000	0	0
13	2	2	1	2	11010001101111	01011011111100	00100110010101	0	1
13	3	2	1	3	00001100010011	10100110011000	00011110001110	0	0
13	4	2	1	4	11000111111110	01100010111001	10101011010111	0	1
13	5	2	2	1	11000011000011	10111000100000	01110111100011	0	0
13	6	3	2	2	10010000101010	11101101100101	00100000100010	0	1
13	7	2	2	3	11111111110110	00010100001011	00010011110000	0	0
13	8	1	2	4	11110000100101	00000000000000	00011101110011	0	0
13	9	2	3	1	01000011101000	00010101001110	10111100100110	0	0
13	10	1	3	2	01001100011001	10000000000000	01111010111001	0	0
13	11	3	3	3	00011100010010	10101100011111	01010111100101	0	1
13	12	3	3	4	11000111101001	11011101101111	10100001100110	0	0
13	13	1	4	1	00000010110110	01000000000000	01001000011101	0	0
13	14	3	4	2	11101011110001	01000100101011	10101101000001	0	0
13	15	2	4	3	01101001001101	11111110111100	10001011100100	0	0
13	16	2	4	4	00000110110010	01010011110100	01111011111000	0	0
13	17	2	5	1	10010001101010	10010011101111	10001111011011	0	0
13	18	1	5	2	10101100100000	11000000000000	10100000110001	0	0
13	19	2	5	3	01001011011101	01111101111011	11110011101011	0	0
13	20	2	5	4	00010001000111	11111010010000	11000001010110	0	0
14	1	2	1	1	00001111101101	11001011010100	10100011011001	0	0
14	2	2	1	2	11111110100110	10011100101010	00011101100101	0	0
14	3	2	1	3	00111111100110	11110011101100	11111100011100	0	0
14	4	2	1	4	01101011110111	10111100011011	00010101111100	0	1
14	5	3	2	1	01101001110110	01111010110011	00100000011110	0	1
14	6	2	2	2	00101010100110	11000100101100	10000101011000	0	0
14	7	2	2	3	11101101111111	01101011000011	11000000010010	0	0
14	8	2	2	4	10010110100100	11101010110010	11001010101001	0	1
14	9	3	3	1	11000011000011	00001000001011	01110100101100	0	0
14	10	3	3	2	01111111010110	11011100011001	11111001011110	0	0
14	11	3	3	3	11111000110001	01001101101100	01110110010111	0	0
14	12	1	3	4	00001111111111	00000000000000	01001110000101	0	1
14	13	1	4	1	01111110110000	10000000000000	10110101101111	0	0
14	14	2	4	2	11000111011110	11100101001001	11110100111101	0	0
14	15	1	4	3	11011011110010	01000000000000	00101000101101	0	0
14	16	2	4	4	10001000011000	10100101100000	11010111100110	0	0
14	17	2	5	1	01101101110100	10110101011000	00110001111011	0	0
14	18	2	5	2	00111001111100	00001011101000	00010100110101	0	0
14	19	2	5	3	00011000100000	10101001010011	00110001100010	0	0
14	20	1	5	4	00011100000100	11000000000000	00100100001000	0	0
15	1	3	1	1	11111100100000	10101101011001	01001011110101	0	0
15	2	2	1	2	01010010100011	11000000001010	10100111101101	0	0
15	3	2	1	3	01100110010000	11001100100110	00001101110101	0	0
15	4	2	1	4	11010010110110	10110110010000	11100101001010	0	0
15	5	2	2	1	00100110101010	10000110001111	10011110000101	0	0
15	6	2	2	2	11100001100111	00011000111000	00111011000000	0	0
15	7	1	2	3	10100000100010	00000000000000	00110101101010	0	0
15	8	1	2	4	01101111001101	10000000000000	01110110000001	0	0
15	9	2	3	1	11100011011110	01100101110011	10110101110010	0	1
15	10	2	3	2	11100010001000	01000011111001	10100011010111	0	0
15	11	3	3	3	00111111001111	10101010011110	01011001100000	0	0
15	12	2	3	4	01110010001000	11001100000001	11011100000100	0	0
15	13	1	4	1	10110011110101	01000000000000	10101010100011	0	1
15	14	3	4	2	10111000100000	10100010101100	00011110110111	0	0
15	15	2	4	3	00001111111000	10100001000011	10111011010100	0	1
15	16	2	4	4	01100001101111	01001110000001	10010101101011	0	0
15	17	3	5	1	01011001010010	10011011111100	00001010110000	0	0
15	18	2	5	2	00010110010001	01110001011100	10011101111001	0	1
15	19	2	5	3	10110110101110	10010001000011	01000001000010	0	0
15	20	1	5	4	10101100110100	11000000000000	01101000010000	0	0
16	1	2	1	1	00010100101010	10000110100100	01010111100010	0	0
16	2	2	1	2	10111100001110	01111001101101	10011011100001	0	0
16	3	1	1	3	10110101011111	00000000000000	10010110110111	0	0
16	4	2	1	4	10011000101000	10100111110110	00000010101100	0	0
16	5	2	2	1	00000100111111	00010000111111	01010010011100	0	0
16	6	2	2	2	11001100010110	00011001101011	00000011101100	0	1
16	7	3	2	3	01000011011101	11001010101010	11000000111001	0	0
16	8	2	2	4	11000110011001	01110010001000	10101110111110	0	0
16	9	2	3	1	10001010111011	10010000110110	00000101011100	0	0
16	10	3	3	2	11110010111101	01001101110001	00000100000001	0	0
16	11	2	3	3	00101100110000	10101010101101	00111001001000	0	0
16	12	2	3	4	01111010100111	01111001100000	00010100000000	0	0
16	13	2	4	1	01111010111110	00011000011000	11011010111100	0	0
16	14	2	4	2	00111001011101	11111100101000	11100111110011	0	0
16	15	1	4	3	10000011000110	10000000000000	00000100010100	0	1
16	16	1	4	4	01110010010010	01000000000000	10010100110100	0	0
16	17	3	5	1	10010000011100	11111110100001	00001110000101	0	0
16	18	1	5	2	01001001101110	11000000000000	11111010100110	0	1
16	19	2	5	3	00110101010011	10111101110010	01001010111100	0	1
16	20	3	5	4	01101111000111	00001001010110	10011001100101	0	0
17	1	3	1	1	10000011100111	10011001011100	10100110111110	0	0
17	2	1	1	2	11110010011010	00000000000000	10001011111011	0	0
17	3	2	1	3	11110010100010	01001011011010	01010100010001	0	0
17	4	2	1	4	01100011011010	00011000101000	00111011010001	0	1
17	5	2	2	1	11001111000000	11010010001010	10000110100000	0	0
17	6	2	2	2	01000100000110	00100011101010	00010001011101	0	1
17	7	3	2	3	01011110000100	11010011011011	11010000001000	0	0
17	8	3	2	4	01010000001110	00000111110101	00110000110110	0	1
17	9	2	3	1	01101010100110	10101100011011	01011011100001	0	0
17	10	2	3	2	01001101111000	01101101101110	10011000001101	0	1
17	11	2	3	3	01000001010000	01100111000001	00010010101011	0	0
17	12	2	3	4	10010111110000	11111001001101	10100111000001	0	0
17	13	1	4	1	10101011110101	10000000000000	01010100000101	0	0
17	14	2	4	2	10000001101011	11111111011111	11110110111000	0	0
17	15	2	4	3	01101100111101	01100100000010	10000011001111	0	0
17	16	2	4	4	10001111111000	10111101110110	10111110000001	0	0
17	17	3	5	1	11111110111010	10111110011111	11100111010010	0	0
17	18	2	5	2	11000111110111	01000100001111	00111100111101	0	0
17	19	1	5	3	11000010011110	01000000000000	00011110000111	0	0
17	20	1	5	4	11010001011011	11000000000000	00101101101110	0	0
18	1	2	1	1	00110011000101	10001001100001	10010111101000	0	1
18	2	3	1	2	10101011101100	01010010011011	10011001011101	0	0
18	3	2	1	3	00011010010010	11000111100101	10001100001011	0	0
18	4	2	1	4	00110010011010	10110110101111	01110010101010	0	0
18	5	3	2	1	11111000100010	01101000110111	01100010111001	0	0
18	6	2	2	2	11100001111110	10000100010111	10011000010110	0	0
18	7	3	2	3	11100001011001	01011111001000	11000000010101	0	1
18	8	1	2	4	01100010101100	00000000000000	11111000100110	0	0
18	9	2	3	1	00111100111010	01100010001010	11001000110000	0	0
18	10	2	3	2	10010000111101	11010111100011	01000101101011	0	1
18	11	2	3	3	10110001001010	01000000011111	01010001100011	0	0
18	12	3	3	4	00110011100110	11101010111001	10100101011000	0	0
18	13	2	4	1	00101110111001	01111111011111	11001111011111	0	0
18	14	2	4	2	00011100110001	01111001000110	01111110010010	0	0
18	15	1	4	3	11101011000010	10000000000000	01001001110100	0	1
18	16	1	4	4	01101110011001	01000000000000	00101110011111	0	0
18	17	2	5	1	00000110011100	11100100101000	01011010100111	0	0
18	18	2	5	2	11110010001011	10110010100010	01000011101111	0	0
18	19	2	5	3	11001101110111	11100001010011	10110010000001	0	0
18	20	1	5	4	01010100101110	11000000000000	00100001111001	0	0
19	1	1	1	1	10110000110110	00000000000000	00100100101101	0	0
19	2	3	1	2	00000011101100	10101001011010	01000000100001	0	1
19	3	1	1	3	00101100110011	10000000000000	00001010001001	0	0
19	4	2	1	4	00000011101001	10101000101101	01001100001000	0	0
19	5	2	2	1	01001001001100	11000110101110	00100101101101	0	0
19	6	1	2	2	01110011010010	01000000000000	11000011100011	0	1
19	7	3	2	3	01101010011110	10010011010110	00110010010000	0	0
19	8	2	2	4	10010111001100	11100001100101	01111011100011	0	0
19	9	2	3	1	11001001010010	10010101110111	10100011101011	0	0
19	10	2	3	2	00100101100100	11000001000111	01010100011000	0	0
19	11	2	3	3	11011010010011	10101001001000	01011011111001	0	0
19	12	2	3	4	01010000110110	00000100001001	10000111100011	0	0
19	13	1	4	1	10110100011001	11000000000000	11101010110100	0	0
19	14	3	4	2	00111001111000	01001111111000	01101100001110	0	0
19	15	2	4	3	01010000010101	00110110101111	01001100000010	0	1
19	16	2	4	4	10011100111010	11100101100111	00111001001110	0	0
19	17	2	5	1	10111101001101	01000010010011	01011100001010	0	0
19	18	3	5	2	01101101001011	10011100111011	11111110110110	0	1
19	19	2	5	3	01110010000010	00001101110100	01100101010001	0	0
19	20	2	5	4	10000100000111	10010001111000	10001000001011	0	0
20	1	2	1	1	11110010100110	01101101001011	01110010010101	0	0
20	2	2	1	2	10011001101110	00101001010000	01010111111110	0	0
20	3	3	1	3	11100100010110	00101101110001	10101001100011	0	1
20	4	2	1	4	11101111010101	01001101110111	00101111011101	0	0
20	5	2	2	1	11010010111000	00100111101010	00010010010100	0	0
20	6	2	2	2	10110111100001	00010100011001	01010100011100	0	0
20	7	2	2	3	10100010100010	10101000010101	00100100010010	0	0
20	8	3	2	4	01101111101100	11100100001001	11000000000101	0	1
20	9	2	3	1	10110000110110	10011110100101	01001000101000	0	0
20	10	1	3	2	11100010011011	00000000000000	10100011000100	0	0
20	11	1	3	3	11100110100100	10000000000000	01000101000101	0	0
20	12	2	3	4	11101010101101	10111111100010	10101101000000	0	0
20	13	1	4	1	01100111001000	01000000000000	01011001100011	0	0
20	14	3	4	2	11010100001111	10100000011001	10111001010001	0	0
20	15	2	4	3	01010111011001	00011110111000	00101110100010	0	0
20	16	2	4	4	01110000001110	00000000111111	11100110011011	0	0
20	17	2	5	1	01010100110111	10110100000000	10010001001111	0	1
20	18	2	5	2	11001010011001	10101101011111	01110110101000	0	0
20	19	1	5	3	11010010010110	11000000000000	00111010111000	0	1
20	20	3	5	4	01011011111011	01101000110110	00100001011010	0	0
21	1	1	1	1	11110111011100	01111101010101	00110001000110	0	0
21	2	1	1	2	10101010011110	00001011010010	11001110100110	0	0
21	3	1	1	3	11110001010110	10101010101110	11011110010100	0	0
21	4	2	1	4	01011010000111	11001110011110	11111100100111	0	1
21	5	1	2	1	00011110001111	11000000101111	11111100001001	0	0
21	6	2	2	2	00010010010010	01010001101010	01111011100101	0	0
21	7	3	2	3	10001011101010	10010010100000	01000001011111	0	0
21	8	3	2	4	01100000101001	00100001010110	01001000011011	0	0
21	9	2	3	1	11000001101000	01001100001001	00001011010000	0	1
21	10	2	3	2	00010110010011	00000110101101	00110100011001	0	0
21	11	3	3	3	11101011011100	10010111010100	10010011111000	0	0
21	12	3	3	4	01011101110010	11000000000000	10110110010000	0	0
21	13	2	4	1	00101000101001	01001010101001	01011010001101	0	0
21	14	2	4	2	10000100001111	11111010011111	01110110001011	0	1
21	15	2	4	3	00011001110010	01110101110100	10100101010001	0	0
21	16	2	4	4	01011100011110	00101100111101	11010000101010	0	1
21	17	2	5	1	10011010100000	11000111001100	10111100101011	0	0
21	18	2	5	2	11000100001101	00100000011010	10111110001100	0	0
21	19	2	5	3	10110101101110	10110010011001	10100011001001	0	0
21	20	2	5	4	01010101111100	00101001100110	11001011110111	0	0
22	1	1	1	1	00111001100001	10100100111000	00111000100101	0	0
22	2	2	1	2	01100000110101	10111011011111	00000001010000	0	1
22	3	3	1	3	00111001010010	10010000011000	01110010110011	0	0
22	4	2	1	4	11000011000100	00000101011011	10110100011101	0	0
22	5	3	2	1	01000001001101	01000110001111	00111110111000	0	0
22	6	3	2	2	10111110110001	11000100001011	11100011010100	0	0
22	7	2	2	3	01100100011000	10010111110010	11111011101001	0	0
22	8	2	2	4	01011010111011	11001010100011	11111100010000	0	0
22	9	2	3	1	01001111110011	00101000111110	01100110111000	0	1
22	10	2	3	2	11100001100001	11011001110000	10100011000111	0	0
22	11	2	3	3	00000110111001	01111011001010	00110000010010	0	0
22	12	2	3	4	01011010010110	11001111010001	00101100000100	0	0
22	13	1	4	1	00100111101111	10101101110111	01000000000011	0	0
22	14	2	4	2	01111001011011	11100111100110	11001110000010	0	0
22	15	2	4	3	11100101100100	10101110001101	10101010011010	0	0
22	16	1	4	4	01111100100110	10100010001000	01110101111100	0	1
22	17	2	5	1	11100101111100	00101000110010	10111000010110	0	0
22	18	2	5	2	11110011101110	11001011100110	10011010110101	0	0
22	19	3	5	3	01011100001111	01000010001000	00101100110101	0	1
22	20	1	5	4	11100110101001	01001101111010	01101110100001	0	0
23	1	2	1	1	11111001110011	10000001101000	11111100101110	0	0
23	2	2	1	2	01110110011111	10011110110010	01111011000111	0	1
23	3	1	1	3	01101111010110	00010100100111	00111101101001	0	0
23	4	2	1	4	01101000101111	11101111111111	10000011010110	0	0
23	5	3	2	1	10000101010111	11001101101001	10110111101011	0	0
23	6	2	2	2	00101100110111	00111010011001	10110111110010	0	0
23	7	3	2	3	01101000011001	11001111001011	11001010100000	0	0
23	8	1	2	4	11000011011011	10010001110100	01110100101011	0	0
23	9	1	3	1	11000111101001	11101010101011	11011010011101	0	0
23	10	2	3	2	01011111011000	11011011111100	11001010100101	0	0
23	11	3	3	3	11111011000010	10011001110001	01101000011100	0	1
23	12	2	3	4	11001011111100	00110010011010	11001111101101	0	0
23	13	2	4	1	11110010110100	01101011011010	01001000111110	0	1
23	14	2	4	2	10011011111011	01101110110001	01011010111011	0	0
23	15	3	4	3	10000000011011	01010000000000	11010011010001	0	1
23	16	2	4	4	10100110010101	00100000110001	00111100100001	0	0
23	17	1	5	1	01000100100010	01000100000111	01101001100010	0	0
23	18	2	5	2	00101000010001	01001011010111	00011011110101	0	0
23	19	2	5	3	10001001100001	10010101111011	01001110111011	0	0
23	20	2	5	4	01111101110001	01001001100001	10110000100000	0	0
24	1	2	1	1	00011001101101	10000011010011	00011010001010	0	0
24	2	2	1	2	10001010111101	10000101100001	01100100110011	0	0
24	3	2	1	3	11110011100011	11100110010010	00010011000100	0	0
24	4	2	1	4	00001000110100	00110011100001	11010110011100	0	1
24	5	2	2	1	10010001001011	10010000110010	00100000110001	0	1
24	6	1	2	2	11010101100011	10100111111110	00101000010111	0	0
24	7	2	2	3	01011001000100	00000111001101	00101010011110	0	0
24	8	2	2	4	10100001000111	00000010010010	10000110010111	0	0
24	9	1	3	1	11110101000101	11100011101111	10111010100110	0	1
24	10	2	3	2	01110101000001	10011000011100	10010100011101	0	0
24	11	3	3	3	11000000101001	10101101011001	11011110111010	0	0
24	12	1	3	4	00111000011111	11000100100101	11001111110101	0	0
24	13	2	4	1	11010000010000	01110001100110	10100011000010	0	0
24	14	2	4	2	00010110111010	11000011110000	01010111001110	0	0
24	15	3	4	3	10010101000011	10001100111101	10101010011111	0	0
24	16	3	4	4	10011110101011	00100000111100	10110000011001	0	0
24	17	2	5	1	01010111000010	00000000011110	11010001110000	0	0
24	18	1	5	2	00011100101000	01011110001000	01001001010110	0	0
24	19	3	5	3	00111010110001	00101110101011	00100111100001	0	1
24	20	2	5	4	11010110000001	00101110100000	00011001011101	0	0
25	1	3	1	1	10000000011100	10101101111100	10101000000001	0	0
25	2	1	1	2	00010111100110	00001111011001	11101100101000	0	0
25	3	1	1	3	10101011101101	01010111010010	01000011100011	0	0
25	4	3	1	4	11001000011110	10111101101110	10011111101100	0	1
25	5	2	2	1	00011111101000	11111001111100	01001111010001	0	1
25	6	1	2	2	00010001111111	01000010100000	01001100110011	0	0
25	7	2	2	3	00101101001101	01101111111110	10101101101010	0	0
25	8	2	2	4	01100110100001	10010000101101	11100010101000	0	0
25	9	2	3	1	01001101001010	10011000111110	00110001000111	0	0
25	10	2	3	2	10000011100111	00100011101000	01000101111110	0	0
25	11	2	3	3	11011001101100	10101100011001	01101001001101	0	1
25	12	2	3	4	10001011000111	11010111100101	00011110011111	0	0
25	13	2	4	1	11000001110010	10000101111001	00010100111000	0	0
25	14	1	4	2	11101101111100	11111011101111	01101101010100	0	0
25	15	3	4	3	10101101000001	11010111100110	10011000101110	0	0
25	16	3	4	4	01011110001110	11011011110001	00110111101101	0	0
25	17	2	5	1	01100011010101	10010011001110	10010110010011	0	0
25	18	2	5	2	10101100110010	01111100001011	10110010100100	0	1
25	19	2	5	3	01001001000010	00110010100011	11001100001001	0	0
25	20	2	5	4	11101100000110	01101101101001	10110000010011	0	0
26	1	2	1	1	10000101100101	01101000101110	10001100101111	0	1
26	2	2	1	2	10101000001111	11101011100111	10000001000111	0	0
26	3	3	1	3	10110101011001	10010001010101	00000111100100	0	0
26	4	2	1	4	10001100110100	10111011110010	01101011110110	0	0
26	5	3	2	1	00011011110110	11001001101100	11101100101110	0	1
26	6	2	2	2	01010011100100	11001110110111	01011010011100	0	0
26	7	2	2	3	01100010000101	00111001100101	10000100010111	0	1
26	8	1	2	4	01100100011001	11011001010100	01110000010011	0	0
26	9	1	3	1	00010011001111	10000001001010	00101110000100	0	0
26	10	3	3	2	00101111001101	10100101101100	11001110011001	0	0
26	11	2	3	3	10001011111001	01010001001000	01100010100011	0	1
26	12	2	3	4	11010000110111	11110111100001	11011100011000	0	0
26	13	1	4	1	10101101100001	00110000101000	01101110000110	0	0
26	14	3	4	2	10000100001101	01010100001100	10101110000011	0	0
26	15	2	4	3	01101010110011	10110111011011	01001101000111	0	0
26	16	2	4	4	01001001000111	01111110110000	11000101001001	0	0
26	17	1	5	1	01110101010011	00000100101010	00001011110110	0	0
26	18	2	5	2	01011110110100	00000110110010	01110000010111	0	0
26	19	2	5	3	01101101000100	00111000010100	10110001111001	0	0
26	20	2	5	4	10110111100001	00010010101111	01010110100100	0	0
27	1	2	1	1	10101100001011	01010011000010	11001001101100	0	0
27	2	3	1	2	11010001000001	00101101111011	11011110010011	0	0
27	3	1	1	3	01010010100101	00010101110001	00001000010001	0	0
27	4	2	1	4	01010111110000	10100101100001	01001000010001	0	1
27	5	2	2	1	00000001101101	11110100110111	11010111101101	0	0
27	6	1	2	2	11111000011011	01001110000000	11011110100000	0	0
27	7	2	2	3	01110100001000	10001010010111	10011011110111	0	0
27	8	2	2	4	00000101000101	00101101011111	00010000101101	0	0
27	9	2	3	1	01101001110001	10001011111000	01110011011100	0	0
27	10	2	3	2	10101101100110	01100011001011	11111100111011	0	0
27	11	3	3	3	01001000000100	01000000111110	01110001010011	0	0
27	12	2	3	4	10101101101100	01001110000000	11100000110111	0	0
27	13	2	4	1	00100100111001	01100010011011	01001000110100	0	1
27	14	1	4	2	10001111100111	00001011011001	00110100000001	0	0
27	15	3	4	3	10010111100111	01100101001010	11001000000110	0	1
27	16	3	4	4	11010111010100	00010010000111	10011100011000	0	0
27	17	1	5	1	01110100011101	00111111011101	11111010001001	0	0
27	18	2	5	2	11010101111110	10110000001000	10111100000010	0	0
27	19	2	5	3	11011111100011	10000000000000	00110011011011	0	1
27	20	2	5	4	01011111001001	01011001000000	01110100010001	0	0
28	1	1	1	1	10101110111111	11101110111011	11011101010111	0	0
28	2	2	1	2	01000001010000	00001111000001	10110111101101	0	1
28	3	2	1	3	01100100110101	00101111011011	00110000100110	0	0
28	4	2	1	4	10110110110001	11111111101110	00001101111111	0	1
28	5	3	2	1	10000011101010	10110001101000	00011101101110	0	0
28	6	3	2	2	00010010101100	00011010101000	10000100101010	0	0
28	7	2	2	3	10001001100001	10111010111011	00100101100000	0	0
28	8	2	2	4	01110001101000	10001100100110	11101000100100	0	0
28	9	2	3	1	01001100011011	11110111011100	10110101111100	0	1
28	10	2	3	2	11010010010110	10001110010100	10011100011100	0	0
28	11	2	3	3	10001000101000	01100000111101	00100000110110	0	0
28	12	2	3	4	11010100100110	10010001111111	11101101001110	0	0
28	13	2	4	1	10111000100110	00001011010101	11111000100111	0	0
28	14	3	4	2	11010110110001	00010100010110	01111011001100	0	0
28	15	1	4	3	01111100011011	11110100010100	10110011110010	0	0
28	16	1	4	4	10011100101001	00011000101011	10110101001001	0	1
28	17	2	5	1	00100011011110	11111010100011	11101001010101	0	0
28	18	3	5	2	01100100101101	01001000111001	10101101000001	0	0
28	19	1	5	3	00110101110110	10110110100010	00000110011011	0	0
28	20	2	5	4	01011110001010	10101111111111	00101011110001	0	0
29	1	1	1	1	00000011110010	01110000011010	10000010000011	0	0
29	2	2	1	2	10001000000110	11101110001111	00010111100101	0	1
29	3	2	1	3	00000000000001	01011011101100	11111001101011	0	0
29	4	2	1	4	00001100010001	00001100000010	00001000110101	0	0
29	5	2	2	1	10010011100111	10000110110001	10111111010000	0	0
29	6	1	2	2	10111000100001	10111010110110	10000110100001	0	0
29	7	2	2	3	01011100111110	01001101000000	10000101011011	0	0
29	8	1	2	4	11011001000101	00000011011010	10100100010111	0	0
29	9	2	3	1	00110001110010	00010000000100	10000001110011	0	0
29	10	2	3	2	01011100100101	00100100011001	01010011100000	0	1
29	11	3	3	3	00100000111111	01011111110110	11000010100110	0	1
29	12	2	3	4	11110111100101	01110010101010	01111110100010	0	0
29	13	3	4	1	10111000010000	10011100110000	10111000110000	0	0
29	14	3	4	2	11101000110101	10100110011100	00100001000111	0	0
29	15	2	4	3	11110110001111	01110100100010	00010111100000	0	0
29	16	1	4	4	01101000001100	01001101001100	10111011101110	0	1
29	17	3	5	1	01110011100001	11000011010000	11011001110100	0	0
29	18	2	5	2	00001111110101	01000111110110	10011110101011	0	0
29	19	2	5	3	01111100101010	00110100101101	00000010010001	0	0
29	20	2	5	4	00010001000110	01101010000111	10111000111011	0	0
30	1	1	1	1	01101011101011	01001000110000	10100110001101	0	0
30	2	3	1	2	10001000111110	10010001100110	00000011001111	0	0
30	3	2	1	3	10111011101110	01110101101000	11100011101111	0	0
30	4	2	1	4	01111001000001	00100001000001	11101000111001	0	0
30	5	2	2	1	11111110011001	11000101111101	00001011110110	0	1
30	6	1	2	2	00010001000100	01001000011110	10110010101001	0	0
30	7	2	2	3	00111000010000	11000011101100	01001000110000	0	0
30	8	2	2	4	01001100000110	10001000111110	00110011111010	0	0
30	9	2	3	1	01110100011101	00000000000100	10001101010011	0	0
30	10	1	3	2	01101111011101	00001101110011	11111010001101	0	1
30	11	3	3	3	00011110110001	01110111011001	00111010111100	0	0
30	12	1	3	4	01010111110100	00000010111100	01010110100011	0	0
30	13	2	4	1	01001111010110	00111011001011	01111001001111	0	1
30	14	2	4	2	00110000011100	00011111001010	01101101101100	0	0
30	15	2	4	3	01000111001000	00001001110101	01100000100111	0	0
30	16	2	4	4	11100010001001	01011010010010	10001100001100	0	0
30	17	2	5	1	00011001100110	10110101001000	10000001001101	0	0
30	18	3	5	2	01110011110001	10011000101100	00010000111110	0	1
30	19	2	5	3	10100010000111	01001011110010	01101111100100	0	0
30	20	3	5	4	11111101011011	01010111001100	01010101000101	0	0
31	1	3	1	1	10010000000010	01000111110011	01111111001000	0	0
31	2	2	1	2	10110100111100	00010011001101	11000011010001	0	1
31	3	2	1	3	00011110101000	00010011011110	01000010110111	0	0
31	4	2	1	4	10001000010011	01011011101011	11001001000011	0	0
31	5	2	2	1	11110110100101	01101001100001	01001110101110	0	0
31	6	2	2	2	11111000111010	10000010110000	10010110101111	0	0
31	7	1	2	3	11110111111110	00011100110110	10110101010010	0	0
31	8	1	2	4	10000110110010	11100101100001	01010100001001	0	0
31	9	3	3	1	01001001110101	01000001100011	00101010111101	0	0
31	10	2	3	2	00111011101100	10010010101010	01111011101110	0	0
31	11	2	3	3	00111011101101	11100110100011	10101010111110	0	0
31	12	1	3	4	00101011110101	00101110011010	11010110101110	0	0
31	13	1	4	1	00010000110101	10010011000111	00000100001011	0	1
31	14	2	4	2	00011110100111	10011111010101	11101011101111	0	1
31	15	3	4	3	10101101000110	10100111011110	01010010010111	0	1
31	16	2	4	4	01101111001001	11010010101011	00110000110111	0	0
31	17	2	5	1	01100100111001	01010101010011	11111000101010	0	0
31	18	3	5	2	00111011101011	10010000110011	00011000101001	0	0
31	19	2	5	3	01001100001100	11001011011010	10001100000010	0	0
31	20	2	5	4	10110100011010	01110100000000	01001000111111	0	0
32	1	1	1	1	10010111100010	10010000001111	11111110010001	0	0
32	2	2	1	2	11011101101011	10000110100001	01011101001011	0	0
32	3	2	1	3	11100001010011	00000111000000	01101000011101	0	0
32	4	2	1	4	11000111001100	00111010010110	00011011001011	0	1
32	5	1	2	1	00010001110101	00100000111000	00111000010010	0	1
32	6	2	2	2	10001110000101	10011001100101	10110100111000	0	0
32	7	2	2	3	11100000111011	01100110010010	11001011011111	0	0
32	8	2	2	4	10111010011010	01111101001100	01101100111111	0	0
32	9	1	3	1	00101000010111	11100111010111	11111011010011	0	1
32	10	3	3	2	01001111000101	01100111011010	10000101110001	0	0
32	11	2	3	3	00000001100110	11010000010101	11011100000001	0	0
32	12	1	3	4	00110010111011	11000100100100	11100111011001	0	0
32	13	3	4	1	01010110110010	00111001010111	10000111011000	0	0
32	14	2	4	2	00010010011101	00100111110110	00110101011101	0	0
32	15	3	4	3	10000001010110	01010011110001	01101110010111	0	0
32	16	3	4	4	00010010001011	01010000011111	00001111010000	0	0
32	17	2	5	1	00001000110111	10011010010101	10000000100101	0	0
32	18	2	5	2	00100110000001	11111110110111	10110100010101	0	0
32	19	2	5	3	01011110011001	10010100101111	11011000000010	0	1
32	20	2	5	4	11100110001000	10100010000010	00101010100110	0	0
33	1	2	1	1	11101111011001	10011111111110	01111010110011	0	1
33	2	3	1	2	11110010000110	11011011111010	00110010001100	0	0
33	3	2	1	3	00111110000100	00000011000101	00010010000100	0	0
33	4	1	1	4	10110000100010	01010111010000	11110011010000	0	0
33	5	2	2	1	00100011010110	11000011101100	10000011010011	0	0
33	6	1	2	2	01100010010001	00110010101100	01101100000101	0	0
33	7	2	2	3	10111111111011	00100111101100	00010001000011	0	0
33	8	1	2	4	01001011101110	01101011010101	10110011110010	0	0
33	9	2	3	1	00110010010000	10010101011010	11010100000101	0	0
33	10	2	3	2	01010100100110	01000110111100	01111000011010	0	0
33	11	2	3	3	11110110001100	10010000101101	10110011100111	0	0
33	12	2	3	4	10100011110110	11010000110100	01001101010001	0	0
33	13	2	4	1	01110110000110	11010010100111	10001010101010	0	0
33	14	1	4	2	11010000001000	00001110110010	10001100110000	0	1
33	15	2	4	3	00011011001111	00000011000010	00010011010001	0	0
33	16	2	4	4	10001101000100	10101111111100	11000110010111	0	1
33	17	3	5	1	11010011011010	01101000101110	01010111001000	0	0
33	18	3	5	2	10100111000110	00100001111101	10110100011001	0	0
33	19	2	5	3	11101110100010	00011111011101	00111110111100	0	1
33	20	3	5	4	00000000101001	00000011101011	10010111010110	0	0
34	1	2	1	1	11001000110011	11100110000101	11010011001011	0	0
34	2	2	1	2	00111011111010	11101001101010	00101111001010	0	0
34	3	2	1	3	00101010001100	11010001110011	10001000110100	0	0
34	4	1	1	4	01111010110011	11100101110101	11100101100101	0	1
34	5	2	2	1	11100100011110	11011110101011	00111110001011	0	0
34	6	2	2	2	00010011111111	10101100001010	00110001011101	0	1
34	7	1	2	3	00110001111100	00001100111100	11110001000101	0	0
34	8	2	2	4	11011010110010	00011010111111	10011000001111	0	0
34	9	2	3	1	11011100011101	10111110001111	01101011000110	0	0
34	10	3	3	2	11001000001001	01011100000110	00101110101101	0	0
34	11	2	3	3	10011100100001	01010011010001	11110011011101	0	0
34	12	2	3	4	01110101011001	00011101010001	11000110011010	0	0
34	13	1	4	1	00001000110100	11000000111000	01100111111110	0	0
34	14	2	4	2	00001110011101	10011011100011	01101111111011	0	0
34	15	3	4	3	10010001011001	10010001011100	11110110101100	0	0
34	16	3	4	4	10000001011110	10101001001011	01111100110101	0	0
34	17	1	5	1	11100100001111	10110101010111	10101011000101	0	0
34	18	2	5	2	00101101101100	11000000011011	01101100010101	0	1
34	19	3	5	3	00110011010110	11101000000011	01001100001001	0	0
34	20	2	5	4	00010001001011	01011000100101	11001001000101	0	1
35	1	2	1	1	10011111101000	11100111110001	00000011001010	0	0
35	2	2	1	2	11010110101010	00101111111010	00111010111001	0	0
35	3	1	1	3	01110110000111	10011000000001	00111110011100	0	0
35	4	2	1	4	11000111111111	00011101010111	01010100011010	0	1
35	5	3	2	1	01100010111000	11000001010110	00010010100111	0	0
35	6	3	2	2	11110110011111	01011110110110	10011001110110	0	0
35	7	2	2	3	10101111010011	01101100101000	01101011011110	0	0
35	8	3	2	4	11111001101001	10100000010111	00000001101011	0	0
35	9	1	3	1	11000001010000	10110010000111	00000100010001	0	0
35	10	2	3	2	00000011101110	00011101101100	10010101100011	0	0
35	11	2	3	3	01101000110011	10000111111110	00011011001010	0	1
35	12	3	3	4	10100010001000	00100100011111	00101110011001	0	0
35	13	2	4	1	01110101111010	00000001010001	10100010110010	0	1
35	14	2	4	2	01001110011001	10001010000100	11100110011001	0	0
35	15	1	4	3	10011000010010	00111101001011	10100010101111	0	0
35	16	1	4	4	00101010010001	10111000010101	11110101010011	0	0
35	17	2	5	1	10001101000011	11100111111010	10000011110011	0	0
35	18	2	5	2	10101000100110	01010000011011	01010010101000	0	0
35	19	2	5	3	11100110011100	00101000010110	01111001010111	0	1
35	20	2	5	4	10001110010101	11010111110000	11111110100111	0	0
36	1	2	1	1	01000001100111	00100110001000	00110111110001	0	0
36	2	3	1	2	10010110110100	10011000001110	01101000011010	0	1
36	3	1	1	3	11100011011011	10111111000001	11100100010010	0	0
36	4	2	1	4	01011010100000	10101100001101	11100100000010	0	0
36	5	2	2	1	10111011111010	10110100000011	10001100111011	0	0
36	6	2	2	2	10111001110110	01101101111111	11001100110011	0	1
36	7	3	2	3	11111101001010	01010100111001	11100000110100	0	0
36	8	1	2	4	00110111101000	11010001110101	10111000010011	0	1
36	9	1	3	1	01110111011100	00000110101011	10010001010010	0	1
36	10	3	3	2	11001001100100	11101010010111	00000010111001	0	0
36	11	2	3	3	01111100100001	11110100111000	10111110111010	0	0
36	12	3	3	4	11001101101111	11100001100010	01000010011111	0	0
36	13	2	4	1	10111101001001	00001110010110	10001101001101	0	0
36	14	2	4	2	00101110000100	00011001001010	00100000111001	0	0
36	15	2	4	3	00100010010111	11000101011111	01100100001001	0	0
36	16	2	4	4	11000010000100	01011101100011	00001111111001	0	0
36	17	2	5	1	01000110001011	11101111000000	00011101010110	0	0
36	18	2	5	2	01100000111111	00111011011101	11010000011111	0	0
36	19	1	5	3	11000100111010	01010111101110	10001100100110	0	0
36	20	2	5	4	11111001111101	00011100100000	01110011100100	0	0
37	1	2	1	1	10111110111011	01101010011011	00001001001111	0	0
37	2	2	1	2	00000101001000	01100011010010	00110000001000	1	0
37	3	2	1	3	10011010111000	00101011011001	10100110100010	0	0
37	4	2	1	4	00010011100110	00000001101011	10000000011111	0	0
37	5	2	1	5	01000111100111	11000011001110	01000111100010	0	0
37	6	2	2	1	00101111101000	11001010001010	10100110011010	0	1
37	7	2	2	2	00101010011101	01000111011011	00001110001111	0	0
37	8	2	2	3	01000111111010	11001110001111	00111100111000	0	0
37	9	2	2	4	01110111010011	10001110011011	11110101011100	0	1
37	10	2	2	5	10011101110000	00001101110111	10110111111110	0	1
37	11	3	3	1	10011010010010	01110101010001	00111101111011	0	1
37	12	1	3	2	10010001000111	10001000001010	01101100111111	0	1
37	13	2	3	3	01100001111110	11011111110001	10101101110000	0	0
37	14	2	3	4	11011011101100	01001110100010	10000101111111	1	1
37	15	2	3	5	10001101000001	10000001000101	01000010001011	0	0
37	16	3	4	1	00001011101111	10000111111100	10010101010111	0	1
37	17	3	4	2	00101000111010	10001101001001	11001000100011	0	1
37	18	3	4	3	00011101110000	01000011010101	10100010111001	0	0
37	19	1	4	4	11010001100000	00110010101000	00100001100100	0	0
37	20	2	4	5	00000011001101	11011010010000	10001001100111	1	0
37	21	1	5	1	10000000001110	01100111100110	10110001110101	0	0
37	22	1	5	2	01101000010011	00110001100000	00000000000111	0	0
37	23	2	5	3	01100010111000	01000011110110	01000100010101	0	0
37	24	2	5	4	00010111110110	11101011100001	10101100000001	1	0
37	25	2	5	5	10000001001101	10111010001111	00101000111000	1	0
