1	0.507009
2	0.507009
3	0.507009
4	0.507009
5	0.507009
6	0.507009
7	0.507009
8	0.507009
9	0.507009
10	0.507009
11	0.507009
12	0.507009
13	0.507009
14	0.507009
15	0.507009
16	0.507009
17	0.507009
18	0.507009
19	0.507009
20	0.507009
21	0.507009
22	0.507009
23	0.507009
24	0.507009
25	0.507009
26	0.507009
27	0.507009
28	0.507009
29	0.507009
30	0.507009
31	0.507009
32	0.517523
33	0.568925
34	0.568925
35	0.568925
36	0.669393
37	0.669393
38	0.672897
39	0.672897
40	0.672897
41	0.672897
42	0.672897
43	0.672897
44	0.672897
45	0.860981
46	0.860981
47	0.860981
48	0.860981
49	0.860981
50	0.872664
51	0.872664
52	0.872664
53	0.872664
54	0.872664
55	0.872664
56	0.872664
57	0.872664
58	0.872664
59	0.872664
60	0.872664
61	0.872664
62	0.872664
63	0.872664
64	0.872664
65	0.872664
66	0.872664
67	0.872664
68	0.872664
69	0.872664
70	0.872664
71	0.872664
72	0.872664
73	0.892523
74	0.892523
75	0.896028
76	0.896028
77	0.90771
78	0.90771
79	0.90771
80	0.90771
81	0.90771
82	0.911215
83	0.911215
84	0.911215
85	0.911215
86	0.911215
87	0.911215
88	0.911215
89	0.911215
90	0.911215
91	0.911215
92	0.911215
93	0.911215
94	0.911215
95	0.912383
96	0.912383
97	0.915888
98	0.917056
99	0.917056
100	0.917056
101	0.917056
102	0.917056
103	0.917056
104	0.917056
105	0.917056
106	0.917056
107	0.917056
108	0.917056
109	0.917056
110	0.917056
111	0.917056
112	0.917056
113	0.917056
114	0.917056
115	0.917056
116	0.917056
117	0.917056
118	0.917056
119	0.917056
120	0.917056
121	0.917056
122	0.917056
123	0.917056
124	0.917056
125	0.917056
126	0.917056
127	0.917056
128	0.917056
129	0.917056
130	0.917056
131	0.917056
132	0.917056
133	0.917056
134	0.917056
135	0.917056
136	0.917056
137	0.917056
138	0.917056
139	0.917056
140	0.917056
141	0.917056
142	0.917056
143	0.922897
144	0.922897
145	0.922897
146	0.922897
147	0.922897
148	0.922897
149	0.924065
150	0.924065
151	0.924065
152	0.925234
153	0.925234
154	0.925234
155	0.925234
156	0.925234
157	0.925234
158	0.925234
159	0.925234
160	0.925234
161	0.925234
162	0.925234
163	0.925234
164	0.925234
165	0.925234
166	0.925234
167	0.925234
168	0.925234
169	0.925234
170	0.925234
171	0.925234
172	0.926402
173	0.926402
174	0.926402
175	0.926402
176	0.926402
177	0.926402
178	0.926402
179	0.926402
180	0.926402
181	0.926402
182	0.926402
183	0.926402
184	0.926402
185	0.926402
186	0.926402
187	0.926402
188	0.926402
189	0.926402
190	0.926402
191	0.926402
192	0.926402
193	0.926402
194	0.926402
195	0.926402
196	0.926402
197	0.926402
198	0.926402
199	0.931075
200	0.931075
201	0.931075
202	0.935748
203	0.935748
204	0.935748
205	0.935748
206	0.935748
207	0.935748
208	0.935748
209	0.935748
210	0.935748
211	0.936916
212	0.936916
213	0.936916
214	0.938084
215	0.938084
216	0.938084
217	0.938084
218	0.938084
219	0.938084
220	0.938084
221	0.938084
222	0.938084
223	0.938084
224	0.938084
225	0.938084
226	0.938084
227	0.938084
228	0.938084
229	0.941589
230	0.941589
231	0.941589
232	0.941589
233	0.943925
234	0.943925
235	0.943925
236	0.943925
237	0.943925
238	0.943925
239	0.943925
240	0.943925
241	0.943925
242	0.943925
243	0.943925
244	0.943925
245	0.943925
246	0.943925
247	0.943925
248	0.943925
249	0.943925
250	0.943925
251	0.943925
252	0.943925
253	0.943925
254	0.943925
255	0.943925
256	0.943925
257	0.943925
258	0.943925
259	0.943925
260	0.943925
261	0.943925
262	0.943925
263	0.943925
264	0.943925
265	0.943925
266	0.943925
267	0.943925
268	0.943925
269	0.943925
270	0.943925
271	0.943925
272	0.943925
273	0.943925
274	0.943925
275	0.943925
276	0.943925
277	0.943925
278	0.943925
279	0.943925
280	0.943925
281	0.943925
282	0.943925
283	0.943925
284	0.943925
285	0.943925
286	0.943925
287	0.943925
288	0.943925
289	0.943925
290	0.943925
291	0.943925
292	0.943925
293	0.943925
294	0.943925
295	0.943925
296	0.943925
297	0.943925
298	0.943925
299	0.943925
300	0.943925
301	0.943925
302	0.943925
303	0.943925
304	0.943925
305	0.943925
306	0.943925
307	0.943925
308	0.943925
309	0.943925
310	0.943925
311	0.943925
312	0.943925
313	0.943925
314	0.943925
315	0.943925
316	0.943925
317	0.943925
318	0.943925
319	0.943925
320	0.943925
321	0.943925
322	0.943925
323	0.943925
324	0.943925
325	0.943925
326	0.943925
327	0.943925
328	0.943925
329	0.943925
330	0.943925
331	0.945093
332	0.945093
333	0.945093
334	0.945093
335	0.945093
336	0.945093
337	0.945093
338	0.945093
339	0.945093
340	0.945093
341	0.945093
342	0.946262
343	0.946262
344	0.946262
345	0.946262
346	0.946262
347	0.946262
348	0.946262
349	0.946262
350	0.946262
351	0.946262
352	0.946262
353	0.946262
354	0.946262
355	0.946262
356	0.946262
357	0.946262
358	0.946262
359	0.946262
360	0.946262
361	0.946262
362	0.946262
363	0.946262
364	0.946262
365	0.946262
366	0.946262
367	0.946262
368	0.946262
369	0.946262
370	0.946262
371	0.946262
372	0.946262
373	0.946262
374	0.946262
375	0.946262
376	0.946262
377	0.946262
378	0.946262
379	0.946262
380	0.946262
381	0.946262
382	0.946262
383	0.946262
384	0.946262
385	0.946262
386	0.946262
387	0.946262
388	0.946262
389	0.946262
390	0.946262
391	0.946262
392	0.946262
393	0.946262
394	0.946262
395	0.946262
396	0.946262
397	0.946262
398	0.946262
399	0.946262
400	0.946262
401	0.946262
402	0.946262
403	0.946262
404	0.946262
405	0.946262
406	0.946262
407	0.946262
408	0.946262
409	0.946262
410	0.946262
411	0.946262
412	0.946262
413	0.946262
414	0.946262
415	0.946262
416	0.946262
417	0.946262
418	0.946262
419	0.946262
420	0.946262
421	0.946262
422	0.946262
423	0.946262
424	0.946262
425	0.946262
426	0.946262
427	0.946262
428	0.946262
429	0.946262
430	0.946262
431	0.946262
432	0.946262
433	0.946262
434	0.946262
435	0.946262
436	0.946262
437	0.946262
438	0.946262
439	0.946262
440	0.946262
441	0.946262
442	0.946262
443	0.946262
444	0.946262
445	0.946262
446	0.946262
447	0.946262
448	0.946262
449	0.946262
450	0.946262
451	0.946262
452	0.946262
453	0.946262
454	0.946262
455	0.946262
456	0.946262
457	0.946262
458	0.946262
459	0.946262
460	0.946262
461	0.946262
462	0.946262
463	0.946262
464	0.946262
465	0.946262
466	0.946262
467	0.946262
468	0.946262
469	0.946262
470	0.946262
471	0.946262
472	0.946262
473	0.946262
474	0.946262
475	0.946262
476	0.946262
477	0.946262
478	0.946262
479	0.946262
480	0.946262
481	0.946262
482	0.946262
483	0.946262
484	0.946262
485	0.946262
486	0.946262
487	0.946262
488	0.946262
489	0.946262
490	0.946262
491	0.946262
492	0.946262
493	0.946262
494	0.946262
495	0.946262
496	0.946262
497	0.946262
498	0.946262
499	0.946262
500	0.946262
501	0.946262
502	0.946262
503	0.946262
504	0.946262
505	0.946262
506	0.946262
507	0.946262
508	0.946262
509	0.946262
510	0.946262
511	0.946262
512	0.946262
513	0.946262
514	0.946262
515	0.946262
516	0.946262
517	0.946262
518	0.946262
519	0.946262
520	0.946262
521	0.946262
522	0.946262
523	0.946262
524	0.946262
525	0.946262
526	0.946262
527	0.946262
528	0.946262
529	0.946262
530	0.946262
531	0.946262
532	0.946262
533	0.946262
534	0.946262
535	0.946262
536	0.946262
537	0.946262
538	0.946262
539	0.946262
540	0.946262
541	0.946262
542	0.946262
543	0.946262
544	0.946262
545	0.946262
546	0.946262
547	0.946262
548	0.946262
549	0.946262
550	0.946262
551	0.946262
552	0.946262
553	0.946262
554	0.946262
555	0.946262
556	0.946262
557	0.946262
558	0.946262
559	0.946262
560	0.946262
561	0.946262
562	0.946262
563	0.946262
564	0.946262
565	0.946262
566	0.946262
567	0.946262
568	0.946262
569	0.946262
570	0.946262
571	0.946262
572	0.946262
573	0.946262
574	0.946262
575	0.946262
576	0.946262
577	0.946262
578	0.946262
579	0.946262
580	0.946262
581	0.946262
582	0.946262
583	0.946262
584	0.946262
585	0.946262
586	0.946262
587	0.946262
588	0.946262
589	0.946262
590	0.946262
591	0.946262
592	0.946262
593	0.946262
594	0.946262
595	0.946262
596	0.946262
597	0.946262
598	0.946262
599	0.946262
600	0.946262
601	0.946262
602	0.946262
603	0.946262
604	0.946262
605	0.946262
606	0.946262
607	0.946262
608	0.946262
609	0.946262
610	0.946262
611	0.946262
612	0.946262
613	0.946262
614	0.946262
615	0.946262
616	0.946262
617	0.946262
618	0.946262
619	0.946262
620	0.946262
621	0.946262
622	0.946262
623	0.946262
624	0.946262
625	0.946262
626	0.946262
627	0.946262
628	0.946262
629	0.946262
630	0.946262
631	0.946262
632	0.946262
633	0.946262
634	0.946262
635	0.946262
636	0.946262
637	0.946262
638	0.946262
639	0.946262
640	0.946262
641	0.946262
642	0.946262
643	0.946262
644	0.946262
645	0.946262
646	0.946262
647	0.946262
648	0.946262
649	0.946262
650	0.946262
651	0.946262
652	0.946262
653	0.946262
654	0.946262
655	0.946262
656	0.946262
657	0.946262
658	0.946262
659	0.946262
660	0.946262
661	0.946262
662	0.946262
663	0.946262
664	0.946262
665	0.946262
666	0.946262
667	0.946262
668	0.946262
669	0.946262
670	0.946262
671	0.946262
672	0.946262
673	0.946262
674	0.946262
675	0.946262
676	0.946262
677	0.946262
678	0.946262
679	0.946262
680	0.946262
681	0.946262
682	0.946262
683	0.946262
684	0.946262
685	0.946262
686	0.946262
687	0.946262
688	0.946262
689	0.946262
690	0.946262
691	0.946262
692	0.946262
693	0.946262
694	0.946262
695	0.946262
696	0.946262
697	0.946262
698	0.946262
699	0.946262
700	0.946262
701	0.946262
702	0.946262
703	0.946262
704	0.946262
705	0.946262
706	0.946262
707	0.946262
708	0.946262
709	0.946262
710	0.946262
711	0.946262
712	0.946262
713	0.946262
714	0.946262
715	0.946262
716	0.946262
717	0.946262
718	0.946262
719	0.946262
720	0.946262
721	0.946262
722	0.946262
723	0.946262
724	0.94743
725	0.94743
726	0.94743
727	0.94743
728	0.94743
729	0.94743
730	0.94743
731	0.94743
732	0.94743
733	0.94743
734	0.94743
735	0.94743
736	0.94743
737	0.94743
738	0.94743
739	0.94743
740	0.94743
741	0.94743
742	0.94743
743	0.94743
744	0.94743
745	0.94743
746	0.94743
747	0.94743
748	0.94743
749	0.94743
750	0.94743
751	0.94743
752	0.94743
753	0.94743
754	0.94743
755	0.94743
756	0.94743
757	0.94743
758	0.94743
759	0.94743
760	0.94743
761	0.94743
762	0.94743
763	0.94743
764	0.94743
765	0.94743
766	0.94743
767	0.94743
768	0.94743
769	0.94743
770	0.94743
771	0.94743
772	0.94743
773	0.94743
774	0.94743
775	0.94743
776	0.94743
777	0.94743
778	0.94743
779	0.94743
780	0.94743
781	0.94743
782	0.94743
783	0.94743
784	0.94743
785	0.94743
786	0.94743
787	0.94743
788	0.94743
789	0.94743
790	0.94743
791	0.94743
792	0.94743
793	0.94743
794	0.94743
795	0.94743
796	0.94743
797	0.94743
798	0.94743
799	0.94743
800	0.94743
801	0.94743
802	0.94743
803	0.94743
804	0.94743
805	0.94743
806	0.94743
807	0.94743
808	0.94743
809	0.94743
810	0.94743
811	0.94743
812	0.94743
813	0.94743
814	0.94743
815	0.94743
816	0.94743
817	0.94743
818	0.94743
819	0.94743
820	0.94743
821	0.94743
822	0.94743
823	0.94743
824	0.94743
825	0.94743
826	0.94743
827	0.94743
828	0.94743
829	0.94743
830	0.94743
831	0.94743
832	0.94743
833	0.94743
834	0.94743
835	0.94743
836	0.94743
837	0.94743
838	0.94743
839	0.94743
840	0.94743
841	0.94743
842	0.94743
843	0.94743
844	0.94743
845	0.94743
846	0.94743
847	0.94743
848	0.94743
849	0.94743
850	0.948598
851	0.948598
852	0.948598
853	0.948598
854	0.948598
855	0.948598
856	0.948598
857	0.948598
858	0.948598
859	0.948598
860	0.948598
861	0.948598
862	0.948598
863	0.948598
864	0.948598
865	0.948598
866	0.948598
867	0.948598
868	0.948598
869	0.948598
870	0.948598
871	0.948598
872	0.948598
873	0.948598
874	0.948598
875	0.948598
876	0.948598
877	0.948598
878	0.948598
879	0.948598
880	0.948598
881	0.948598
882	0.948598
883	0.948598
884	0.948598
885	0.948598
886	0.948598
887	0.948598
888	0.948598
889	0.948598
890	0.948598
891	0.948598
892	0.948598
893	0.948598
894	0.948598
895	0.948598
896	0.948598
897	0.948598
898	0.948598
899	0.948598
900	0.948598
901	0.948598
902	0.948598
903	0.948598
904	0.948598
905	0.948598
906	0.948598
907	0.948598
908	0.948598
909	0.948598
910	0.948598
911	0.948598
912	0.948598
913	0.948598
914	0.948598
915	0.948598
916	0.948598
917	0.948598
918	0.948598
919	0.948598
920	0.948598
921	0.948598
922	0.948598
923	0.948598
924	0.948598
925	0.948598
926	0.948598
927	0.948598
928	0.948598
929	0.948598
930	0.948598
931	0.948598
932	0.948598
933	0.948598
934	0.948598
935	0.948598
936	0.948598
937	0.948598
938	0.948598
939	0.948598
940	0.948598
941	0.948598
942	0.948598
943	0.948598
944	0.948598
945	0.948598
946	0.948598
947	0.948598
948	0.948598
949	0.948598
950	0.948598
951	0.948598
952	0.948598
953	0.948598
954	0.948598
955	0.948598
956	0.948598
957	0.948598
958	0.948598
959	0.948598
960	0.948598
961	0.948598
962	0.948598
963	0.948598
964	0.948598
965	0.948598
966	0.948598
967	0.948598
968	0.948598
969	0.948598
970	0.948598
971	0.948598
972	0.948598
973	0.948598
974	0.948598
975	0.948598
976	0.948598
977	0.948598
978	0.948598
979	0.948598
980	0.948598
981	0.948598
982	0.948598
983	0.948598
984	0.948598
985	0.948598
986	0.948598
987	0.948598
988	0.948598
989	0.948598
990	0.948598
991	0.948598
992	0.948598
993	0.948598
994	0.948598
995	0.948598
996	0.948598
997	0.948598
998	0.948598
999	0.948598
1000	0.948598
1001	0.948598
1002	0.948598
1003	0.948598
1004	0.948598
1005	0.948598
1006	0.948598
1007	0.948598
1008	0.948598
1009	0.948598
1010	0.948598
1011	0.948598
1012	0.948598
1013	0.948598
1014	0.948598
1015	0.948598
1016	0.948598
1017	0.948598
1018	0.948598
1019	0.948598
1020	0.948598
1021	0.948598
1022	0.948598
1023	0.948598
1024	0.948598
1025	0.948598
1026	0.948598
1027	0.948598
1028	0.948598
1029	0.948598
1030	0.948598
1031	0.948598
1032	0.948598
1033	0.948598
1034	0.948598
1035	0.948598
1036	0.948598
1037	0.948598
1038	0.948598
1039	0.948598
1040	0.948598
1041	0.948598
1042	0.948598
1043	0.948598
1044	0.948598
1045	0.948598
1046	0.948598
1047	0.948598
1048	0.948598
1049	0.948598
1050	0.948598
1051	0.948598
1052	0.948598
1053	0.948598
1054	0.948598
1055	0.948598
1056	0.948598
1057	0.948598
1058	0.948598
1059	0.948598
1060	0.948598
1061	0.948598
1062	0.948598
1063	0.948598
1064	0.948598
1065	0.948598
1066	0.948598
1067	0.948598
1068	0.948598
1069	0.948598
1070	0.948598
1071	0.948598
1072	0.948598
1073	0.948598
1074	0.948598
1075	0.948598
1076	0.948598
1077	0.948598
1078	0.948598
1079	0.948598
1080	0.948598
1081	0.948598
1082	0.948598
1083	0.948598
1084	0.948598
1085	0.948598
1086	0.948598
1087	0.948598
1088	0.948598
1089	0.948598
1090	0.948598
1091	0.948598
1092	0.948598
1093	0.948598
1094	0.948598
1095	0.948598
1096	0.948598
1097	0.948598
1098	0.948598
1099	0.948598
1100	0.948598
1101	0.948598
1102	0.948598
1103	0.948598
1104	0.948598
1105	0.948598
1106	0.948598
1107	0.948598
1108	0.948598
1109	0.948598
1110	0.948598
1111	0.948598
1112	0.948598
1113	0.948598
1114	0.948598
1115	0.948598
1116	0.948598
1117	0.948598
1118	0.948598
1119	0.948598
1120	0.948598
1121	0.948598
1122	0.948598
1123	0.948598
1124	0.948598
1125	0.948598
1126	0.948598
1127	0.948598
1128	0.948598
1129	0.948598
1130	0.948598
1131	0.948598
1132	0.948598
1133	0.948598
1134	0.948598
1135	0.948598
1136	0.948598
1137	0.948598
1138	0.948598
1139	0.948598
1140	0.948598
1141	0.948598
1142	0.948598
1143	0.948598
1144	0.948598
1145	0.948598
1146	0.948598
1147	0.948598
1148	0.948598
1149	0.948598
1150	0.948598
1151	0.948598
1152	0.948598
1153	0.948598
1154	0.948598
1155	0.948598
1156	0.948598
1157	0.948598
1158	0.948598
1159	0.948598
1160	0.948598
1161	0.948598
1162	0.948598
1163	0.948598
1164	0.948598
1165	0.948598
1166	0.948598
1167	0.948598
1168	0.948598
1169	0.948598
1170	0.948598
1171	0.948598
1172	0.948598
1173	0.948598
1174	0.948598
1175	0.948598
1176	0.948598
1177	0.948598
1178	0.948598
1179	0.948598
1180	0.948598
1181	0.948598
1182	0.948598
1183	0.948598
1184	0.948598
1185	0.948598
1186	0.948598
1187	0.948598
1188	0.948598
1189	0.948598
1190	0.948598
1191	0.948598
1192	0.948598
1193	0.948598
1194	0.948598
1195	0.948598
1196	0.948598
1197	0.948598
1198	0.948598
1199	0.948598
1200	0.948598
1201	0.948598
1202	0.948598
1203	0.948598
1204	0.948598
1205	0.948598
1206	0.948598
1207	0.948598
1208	0.948598
1209	0.948598
1210	0.948598
1211	0.948598
1212	0.948598
1213	0.948598
1214	0.948598
1215	0.948598
1216	0.948598
1217	0.948598
1218	0.948598
1219	0.948598
1220	0.948598
1221	0.948598
1222	0.948598
1223	0.948598
1224	0.948598
1225	0.948598
1226	0.948598
1227	0.948598
1228	0.948598
1229	0.948598
1230	0.948598
1231	0.948598
1232	0.948598
1233	0.948598
1234	0.948598
1235	0.948598
1236	0.948598
1237	0.948598
1238	0.948598
1239	0.948598
1240	0.948598
1241	0.948598
1242	0.949766
1243	0.949766
1244	0.949766
1245	0.949766
1246	0.949766
1247	0.949766
1248	0.949766
1249	0.949766
1250	0.949766
1251	0.949766
1252	0.949766
1253	0.949766
1254	0.949766
1255	0.949766
1256	0.949766
1257	0.949766
1258	0.949766
1259	0.949766
1260	0.949766
1261	0.949766
1262	0.949766
1263	0.949766
1264	0.949766
1265	0.949766
1266	0.949766
1267	0.949766
1268	0.949766
1269	0.949766
1270	0.949766
1271	0.949766
1272	0.949766
1273	0.949766
1274	0.949766
1275	0.949766
1276	0.949766
1277	0.949766
1278	0.949766
1279	0.949766
1280	0.949766
1281	0.949766
1282	0.949766
1283	0.949766
1284	0.949766
1285	0.949766
1286	0.949766
1287	0.949766
1288	0.949766
1289	0.949766
1290	0.949766
1291	0.949766
1292	0.949766
1293	0.949766
1294	0.949766
1295	0.949766
1296	0.949766
1297	0.949766
1298	0.949766
1299	0.949766
1300	0.949766
1301	0.949766
1302	0.949766
1303	0.949766
1304	0.949766
1305	0.949766
1306	0.949766
1307	0.949766
1308	0.949766
1309	0.949766
1310	0.949766
1311	0.949766
1312	0.949766
1313	0.949766
1314	0.949766
1315	0.949766
1316	0.949766
1317	0.949766
1318	0.949766
1319	0.949766
1320	0.949766
1321	0.949766
1322	0.949766
1323	0.949766
1324	0.949766
1325	0.949766
1326	0.949766
1327	0.949766
1328	0.949766
1329	0.949766
1330	0.949766
1331	0.949766
1332	0.949766
1333	0.949766
1334	0.949766
1335	0.949766
1336	0.949766
1337	0.949766
1338	0.949766
1339	0.949766
1340	0.949766
1341	0.949766
1342	0.949766
1343	0.949766
1344	0.949766
1345	0.949766
1346	0.949766
1347	0.949766
1348	0.949766
1349	0.949766
1350	0.949766
1351	0.949766
1352	0.949766
1353	0.949766
1354	0.949766
1355	0.949766
1356	0.949766
1357	0.949766
1358	0.949766
1359	0.949766
1360	0.949766
1361	0.949766
1362	0.949766
1363	0.949766
1364	0.949766
1365	0.949766
1366	0.949766
1367	0.949766
1368	0.949766
1369	0.949766
1370	0.949766
1371	0.949766
1372	0.949766
1373	0.949766
1374	0.949766
1375	0.949766
1376	0.949766
1377	0.949766
1378	0.949766
1379	0.949766
1380	0.949766
1381	0.949766
1382	0.949766
1383	0.949766
1384	0.949766
1385	0.949766
1386	0.949766
1387	0.949766
1388	0.949766
1389	0.949766
1390	0.949766
1391	0.949766
1392	0.949766
1393	0.949766
1394	0.949766
1395	0.949766
1396	0.949766
1397	0.949766
1398	0.949766
1399	0.949766
1400	0.949766
1401	0.949766
1402	0.949766
1403	0.949766
1404	0.949766
1405	0.949766
1406	0.949766
1407	0.949766
1408	0.949766
1409	0.949766
1410	0.949766
1411	0.949766
1412	0.949766
1413	0.949766
1414	0.949766
1415	0.949766
1416	0.949766
1417	0.949766
1418	0.949766
1419	0.949766
1420	0.949766
1421	0.949766
1422	0.949766
1423	0.949766
1424	0.949766
1425	0.949766
1426	0.949766
1427	0.949766
1428	0.949766
1429	0.949766
1430	0.949766
1431	0.949766
1432	0.949766
1433	0.949766
1434	0.949766
1435	0.949766
1436	0.949766
1437	0.949766
1438	0.949766
1439	0.949766
1440	0.949766
1441	0.949766
1442	0.949766
1443	0.949766
1444	0.949766
1445	0.949766
1446	0.949766
1447	0.949766
1448	0.949766
1449	0.949766
1450	0.949766
1451	0.949766
1452	0.949766
1453	0.949766
1454	0.949766
1455	0.949766
1456	0.949766
1457	0.949766
1458	0.949766
1459	0.949766
1460	0.949766
1461	0.949766
1462	0.949766
1463	0.949766
1464	0.949766
1465	0.949766
1466	0.949766
1467	0.949766
1468	0.949766
1469	0.949766
1470	0.949766
1471	0.949766
1472	0.949766
1473	0.949766
1474	0.949766
1475	0.949766
1476	0.949766
1477	0.949766
1478	0.949766
1479	0.949766
1480	0.949766
1481	0.949766
1482	0.949766
1483	0.949766
1484	0.949766
1485	0.949766
1486	0.949766
1487	0.949766
1488	0.949766
1489	0.949766
1490	0.949766
1491	0.949766
1492	0.949766
1493	0.949766
1494	0.949766
1495	0.949766
1496	0.949766
1497	0.949766
1498	0.949766
1499	0.949766
1500	0.949766
1501	0.949766
1502	0.949766
1503	0.949766
1504	0.949766
1505	0.949766
1506	0.949766
1507	0.949766
1508	0.949766
1509	0.949766
1510	0.949766
1511	0.949766
1512	0.949766
1513	0.949766
1514	0.949766
1515	0.949766
1516	0.949766
1517	0.949766
1518	0.949766
1519	0.949766
1520	0.949766
1521	0.949766
1522	0.949766
1523	0.949766
1524	0.949766
1525	0.949766
1526	0.949766
1527	0.949766
1528	0.949766
1529	0.949766
1530	0.949766
1531	0.949766
1532	0.949766
1533	0.949766
1534	0.949766
1535	0.949766
1536	0.949766
1537	0.949766
1538	0.949766
1539	0.949766
1540	0.949766
1541	0.949766
1542	0.949766
1543	0.949766
1544	0.949766
1545	0.949766
1546	0.949766
1547	0.949766
1548	0.949766
1549	0.949766
1550	0.949766
1551	0.949766
1552	0.949766
1553	0.949766
1554	0.949766
1555	0.949766
1556	0.949766
1557	0.949766
1558	0.949766
1559	0.949766
1560	0.949766
1561	0.949766
1562	0.949766
1563	0.949766
1564	0.949766
1565	0.949766
1566	0.949766
1567	0.949766
1568	0.949766
1569	0.949766
1570	0.949766
1571	0.949766
1572	0.949766
1573	0.949766
1574	0.949766
1575	0.949766
1576	0.949766
1577	0.949766
1578	0.949766
1579	0.949766
1580	0.949766
1581	0.949766
1582	0.949766
1583	0.949766
1584	0.949766
1585	0.949766
1586	0.949766
1587	0.949766
1588	0.949766
1589	0.949766
1590	0.949766
1591	0.949766
1592	0.949766
1593	0.949766
1594	0.949766
1595	0.949766
1596	0.949766
1597	0.949766
1598	0.949766
1599	0.949766
1600	0.949766
1601	0.949766
1602	0.949766
1603	0.949766
1604	0.949766
1605	0.949766
1606	0.949766
1607	0.949766
1608	0.949766
1609	0.949766
1610	0.949766
1611	0.949766
1612	0.949766
1613	0.949766
1614	0.949766
1615	0.949766
1616	0.949766
1617	0.949766
1618	0.949766
1619	0.949766
1620	0.949766
1621	0.949766
1622	0.949766
1623	0.949766
1624	0.949766
1625	0.949766
1626	0.949766
1627	0.949766
1628	0.949766
1629	0.949766
1630	0.949766
1631	0.949766
1632	0.949766
1633	0.949766
1634	0.949766
1635	0.949766
1636	0.949766
1637	0.949766
1638	0.949766
1639	0.949766
1640	0.949766
1641	0.949766
1642	0.949766
1643	0.949766
1644	0.949766
1645	0.949766
1646	0.949766
1647	0.949766
1648	0.949766
1649	0.949766
1650	0.949766
1651	0.949766
1652	0.949766
1653	0.949766
1654	0.949766
1655	0.949766
1656	0.949766
1657	0.949766
1658	0.949766
1659	0.949766
1660	0.949766
1661	0.949766
1662	0.949766
1663	0.949766
1664	0.949766
1665	0.949766
1666	0.949766
1667	0.949766
1668	0.949766
1669	0.949766
1670	0.949766
1671	0.949766
1672	0.949766
1673	0.949766
1674	0.949766
1675	0.949766
1676	0.949766
1677	0.949766
1678	0.949766
1679	0.949766
1680	0.949766
1681	0.949766
1682	0.949766
1683	0.949766
1684	0.949766
1685	0.949766
1686	0.949766
1687	0.949766
1688	0.949766
1689	0.949766
1690	0.949766
1691	0.949766
1692	0.949766
1693	0.949766
1694	0.949766
1695	0.949766
1696	0.949766
1697	0.949766
1698	0.949766
1699	0.949766
1700	0.949766
1701	0.949766
1702	0.949766
1703	0.949766
1704	0.949766
1705	0.949766
1706	0.949766
1707	0.949766
1708	0.949766
1709	0.949766
1710	0.949766
1711	0.949766
1712	0.949766
1713	0.949766
1714	0.949766
1715	0.949766
1716	0.949766
1717	0.949766
1718	0.949766
1719	0.949766
1720	0.949766
1721	0.949766
1722	0.949766
1723	0.949766
1724	0.949766
1725	0.949766
1726	0.949766
1727	0.949766
1728	0.949766
1729	0.949766
1730	0.949766
1731	0.949766
1732	0.949766
1733	0.949766
1734	0.949766
1735	0.949766
1736	0.949766
1737	0.949766
1738	0.949766
1739	0.949766
1740	0.949766
1741	0.949766
1742	0.949766
1743	0.949766
1744	0.949766
1745	0.949766
1746	0.949766
1747	0.949766
1748	0.949766
1749	0.949766
1750	0.949766
1751	0.949766
1752	0.949766
1753	0.949766
1754	0.949766
1755	0.949766
1756	0.949766
1757	0.949766
1758	0.949766
1759	0.949766
1760	0.949766
1761	0.949766
1762	0.949766
1763	0.949766
1764	0.949766
1765	0.949766
1766	0.949766
1767	0.949766
1768	0.949766
1769	0.949766
1770	0.949766
1771	0.949766
1772	0.949766
1773	0.949766
1774	0.949766
1775	0.949766
1776	0.949766
1777	0.949766
1778	0.949766
1779	0.949766
1780	0.949766
1781	0.949766
1782	0.949766
1783	0.949766
1784	0.949766
1785	0.949766
1786	0.949766
1787	0.949766
1788	0.949766
1789	0.949766
1790	0.949766
1791	0.949766
1792	0.949766
1793	0.949766
1794	0.949766
1795	0.949766
1796	0.949766
1797	0.949766
1798	0.949766
1799	0.949766
1800	0.949766
1801	0.949766
1802	0.949766
1803	0.949766
1804	0.949766
1805	0.949766
1806	0.949766
1807	0.949766
1808	0.949766
1809	0.949766
1810	0.949766
1811	0.949766
1812	0.949766
1813	0.949766
1814	0.949766
1815	0.949766
1816	0.949766
1817	0.949766
1818	0.949766
1819	0.949766
1820	0.949766
1821	0.949766
1822	0.949766
1823	0.949766
1824	0.949766
1825	0.949766
1826	0.949766
1827	0.949766
1828	0.949766
1829	0.949766
1830	0.949766
1831	0.949766
1832	0.949766
1833	0.949766
1834	0.949766
1835	0.949766
1836	0.949766
1837	0.949766
1838	0.949766
1839	0.949766
1840	0.949766
1841	0.949766
1842	0.949766
1843	0.949766
1844	0.949766
1845	0.949766
1846	0.949766
1847	0.949766
1848	0.949766
1849	0.949766
1850	0.949766
1851	0.949766
1852	0.949766
1853	0.949766
1854	0.949766
1855	0.949766
1856	0.949766
1857	0.949766
1858	0.949766
1859	0.949766
1860	0.949766
1861	0.949766
1862	0.949766
1863	0.949766
1864	0.949766
1865	0.949766
1866	0.949766
1867	0.949766
1868	0.949766
1869	0.949766
1870	0.949766
1871	0.949766
1872	0.949766
1873	0.949766
1874	0.949766
1875	0.949766
1876	0.949766
1877	0.949766
1878	0.949766
1879	0.949766
1880	0.949766
1881	0.949766
1882	0.949766
1883	0.949766
1884	0.949766
1885	0.949766
1886	0.949766
1887	0.949766
1888	0.949766
1889	0.949766
1890	0.949766
1891	0.949766
1892	0.949766
1893	0.949766
1894	0.949766
1895	0.949766
1896	0.949766
1897	0.949766
1898	0.949766
1899	0.949766
1900	0.949766
1901	0.949766
1902	0.949766
1903	0.949766
1904	0.949766
1905	0.949766
1906	0.949766
1907	0.949766
1908	0.949766
1909	0.949766
1910	0.949766
1911	0.949766
1912	0.949766
1913	0.949766
1914	0.949766
1915	0.949766
1916	0.949766
1917	0.949766
1918	0.949766
1919	0.949766
1920	0.949766
1921	0.949766
1922	0.949766
1923	0.949766
1924	0.949766
1925	0.949766
1926	0.949766
1927	0.949766
1928	0.949766
1929	0.949766
1930	0.949766
1931	0.949766
1932	0.949766
1933	0.949766
1934	0.949766
1935	0.949766
1936	0.949766
1937	0.949766
1938	0.949766
1939	0.949766
1940	0.949766
1941	0.949766
1942	0.949766
1943	0.949766
1944	0.949766
1945	0.949766
1946	0.949766
1947	0.949766
1948	0.949766
1949	0.949766
1950	0.949766
1951	0.949766
1952	0.949766
1953	0.949766
1954	0.949766
1955	0.949766
1956	0.949766
1957	0.949766
1958	0.949766
1959	0.949766
1960	0.949766
1961	0.949766
1962	0.949766
1963	0.949766
1964	0.949766
1965	0.949766
1966	0.949766
1967	0.949766
1968	0.949766
1969	0.949766
1970	0.949766
1971	0.949766
1972	0.949766
1973	0.949766
1974	0.949766
1975	0.949766
1976	0.949766
1977	0.949766
1978	0.949766
1979	0.949766
1980	0.949766
1981	0.949766
1982	0.949766
1983	0.949766
1984	0.949766
1985	0.949766
1986	0.949766
1987	0.949766
1988	0.949766
1989	0.949766
1990	0.949766
1991	0.949766
1992	0.949766
1993	0.949766
1994	0.949766
1995	0.949766
1996	0.949766
1997	0.949766
1998	0.949766
1999	0.949766
2000	0.949766
2001	0.949766
2002	0.949766
2003	0.949766
2004	0.949766
2005	0.949766
2006	0.949766
2007	0.949766
2008	0.949766
2009	0.949766
2010	0.949766
2011	0.949766
2012	0.949766
2013	0.949766
2014	0.949766
2015	0.949766
2016	0.949766
2017	0.949766
2018	0.949766
2019	0.949766
2020	0.949766
2021	0.949766
2022	0.949766
2023	0.949766
2024	0.949766
2025	0.949766
2026	0.949766
2027	0.949766
2028	0.949766
2029	0.949766
2030	0.949766
2031	0.949766
2032	0.949766
2033	0.949766
2034	0.949766
2035	0.949766
2036	0.949766
2037	0.949766
2038	0.950935
2039	0.950935
2040	0.950935
2041	0.950935
2042	0.953271
2043	0.953271
2044	0.953271
2045	0.953271
2046	0.953271
2047	0.953271
2048	0.953271
2049	0.953271
2050	0.953271
2051	0.953271
2052	0.953271
2053	0.953271
2054	0.953271
2055	0.953271
2056	0.953271
2057	0.953271
2058	0.953271
2059	0.953271
2060	0.953271
2061	0.953271
2062	0.953271
2063	0.953271
2064	0.953271
2065	0.953271
2066	0.953271
2067	0.953271
2068	0.953271
2069	0.953271
2070	0.953271
2071	0.953271
2072	0.953271
2073	0.953271
2074	0.953271
2075	0.953271
2076	0.953271
2077	0.953271
2078	0.953271
2079	0.953271
2080	0.953271
2081	0.953271
2082	0.953271
2083	0.953271
2084	0.953271
2085	0.953271
2086	0.953271
2087	0.953271
2088	0.953271
2089	0.953271
2090	0.953271
2091	0.953271
2092	0.953271
2093	0.953271
2094	0.953271
2095	0.953271
2096	0.953271
2097	0.953271
2098	0.953271
2099	0.953271
2100	0.953271
2101	0.953271
2102	0.953271
2103	0.953271
2104	0.953271
2105	0.953271
2106	0.953271
2107	0.953271
2108	0.953271
2109	0.953271
2110	0.953271
2111	0.953271
2112	0.953271
2113	0.953271
2114	0.953271
2115	0.953271
2116	0.953271
2117	0.953271
2118	0.953271
2119	0.953271
2120	0.953271
2121	0.953271
2122	0.953271
2123	0.953271
2124	0.953271
2125	0.953271
2126	0.953271
2127	0.953271
2128	0.953271
2129	0.953271
2130	0.953271
2131	0.953271
2132	0.953271
2133	0.953271
2134	0.953271
2135	0.953271
2136	0.953271
2137	0.953271
2138	0.953271
2139	0.953271
2140	0.953271
2141	0.953271
2142	0.953271
2143	0.953271
2144	0.953271
2145	0.953271
2146	0.953271
2147	0.953271
2148	0.953271
2149	0.953271
2150	0.953271
2151	0.953271
2152	0.953271
2153	0.953271
2154	0.953271
2155	0.953271
2156	0.953271
2157	0.953271
2158	0.953271
2159	0.953271
2160	0.953271
2161	0.953271
2162	0.953271
2163	0.953271
2164	0.953271
2165	0.953271
2166	0.953271
2167	0.953271
2168	0.953271
2169	0.953271
2170	0.953271
2171	0.953271
2172	0.953271
2173	0.953271
2174	0.953271
2175	0.953271
2176	0.953271
2177	0.953271
2178	0.953271
2179	0.953271
2180	0.953271
2181	0.953271
2182	0.953271
2183	0.953271
2184	0.953271
2185	0.953271
2186	0.953271
2187	0.953271
2188	0.953271
2189	0.953271
2190	0.953271
2191	0.953271
2192	0.953271
2193	0.953271
2194	0.953271
2195	0.953271
2196	0.953271
2197	0.953271
2198	0.953271
2199	0.953271
2200	0.953271
2201	0.953271
2202	0.953271
2203	0.953271
2204	0.953271
2205	0.953271
2206	0.953271
2207	0.953271
2208	0.953271
2209	0.953271
2210	0.953271
2211	0.953271
2212	0.953271
2213	0.953271
2214	0.953271
2215	0.953271
2216	0.953271
2217	0.953271
2218	0.953271
2219	0.953271
2220	0.953271
2221	0.953271
2222	0.953271
2223	0.953271
2224	0.953271
2225	0.953271
2226	0.953271
2227	0.953271
2228	0.953271
2229	0.953271
2230	0.953271
2231	0.953271
2232	0.953271
2233	0.953271
2234	0.953271
2235	0.953271
2236	0.953271
2237	0.953271
2238	0.953271
2239	0.953271
2240	0.953271
2241	0.953271
2242	0.953271
2243	0.953271
2244	0.953271
2245	0.953271
2246	0.953271
2247	0.953271
2248	0.953271
2249	0.953271
2250	0.953271
2251	0.953271
2252	0.953271
2253	0.953271
2254	0.953271
2255	0.953271
2256	0.953271
2257	0.953271
2258	0.953271
2259	0.953271
2260	0.953271
2261	0.953271
2262	0.953271
2263	0.953271
2264	0.953271
2265	0.953271
2266	0.953271
2267	0.953271
2268	0.953271
2269	0.953271
2270	0.953271
2271	0.953271
2272	0.953271
2273	0.953271
2274	0.953271
2275	0.953271
2276	0.953271
2277	0.953271
2278	0.953271
2279	0.953271
2280	0.953271
2281	0.953271
2282	0.953271
2283	0.953271
2284	0.953271
2285	0.953271
2286	0.953271
2287	0.953271
2288	0.953271
2289	0.953271
2290	0.953271
2291	0.953271
2292	0.953271
2293	0.953271
2294	0.953271
2295	0.953271
2296	0.953271
2297	0.953271
2298	0.953271
2299	0.953271
2300	0.953271
2301	0.953271
2302	0.953271
2303	0.953271
2304	0.953271
2305	0.953271
2306	0.953271
2307	0.953271
2308	0.953271
2309	0.953271
2310	0.953271
2311	0.953271
2312	0.953271
2313	0.953271
2314	0.953271
2315	0.953271
2316	0.953271
2317	0.953271
2318	0.953271
2319	0.953271
2320	0.953271
2321	0.953271
2322	0.953271
2323	0.953271
2324	0.953271
2325	0.953271
2326	0.953271
2327	0.953271
2328	0.953271
2329	0.953271
2330	0.953271
2331	0.953271
2332	0.953271
2333	0.953271
2334	0.953271
2335	0.953271
2336	0.953271
2337	0.953271
2338	0.953271
2339	0.953271
2340	0.953271
2341	0.953271
2342	0.953271
2343	0.953271
2344	0.953271
2345	0.953271
2346	0.953271
2347	0.953271
2348	0.953271
2349	0.953271
2350	0.953271
2351	0.953271
2352	0.953271
2353	0.953271
2354	0.953271
2355	0.953271
2356	0.953271
2357	0.953271
2358	0.953271
2359	0.953271
2360	0.953271
2361	0.953271
2362	0.953271
2363	0.953271
2364	0.953271
2365	0.953271
2366	0.953271
2367	0.953271
2368	0.953271
2369	0.953271
2370	0.953271
2371	0.953271
2372	0.953271
2373	0.953271
2374	0.953271
2375	0.953271
2376	0.953271
2377	0.953271
2378	0.953271
2379	0.953271
2380	0.953271
2381	0.953271
2382	0.953271
2383	0.953271
2384	0.953271
2385	0.953271
2386	0.953271
2387	0.953271
2388	0.953271
2389	0.953271
2390	0.953271
2391	0.953271
2392	0.953271
2393	0.953271
2394	0.953271
2395	0.953271
2396	0.953271
2397	0.953271
2398	0.953271
2399	0.953271
2400	0.953271
2401	0.953271
2402	0.953271
2403	0.953271
2404	0.953271
2405	0.953271
2406	0.953271
2407	0.953271
2408	0.953271
2409	0.953271
2410	0.953271
2411	0.953271
2412	0.953271
2413	0.953271
2414	0.953271
2415	0.953271
2416	0.953271
2417	0.953271
2418	0.953271
2419	0.953271
2420	0.953271
2421	0.953271
2422	0.953271
2423	0.953271
2424	0.953271
2425	0.953271
2426	0.953271
2427	0.953271
2428	0.953271
2429	0.953271
2430	0.953271
2431	0.953271
2432	0.953271
2433	0.953271
2434	0.953271
2435	0.953271
2436	0.953271
2437	0.953271
2438	0.953271
2439	0.953271
2440	0.953271
2441	0.953271
2442	0.953271
2443	0.953271
2444	0.953271
2445	0.953271
2446	0.953271
2447	0.953271
2448	0.953271
2449	0.953271
2450	0.953271
2451	0.953271
2452	0.953271
2453	0.953271
2454	0.953271
2455	0.953271
2456	0.953271
2457	0.953271
2458	0.953271
2459	0.953271
2460	0.953271
2461	0.953271
2462	0.953271
2463	0.953271
2464	0.953271
2465	0.953271
2466	0.953271
2467	0.953271
2468	0.953271
2469	0.953271
2470	0.953271
2471	0.953271
2472	0.953271
2473	0.953271
2474	0.953271
2475	0.953271
2476	0.953271
2477	0.953271
2478	0.953271
2479	0.953271
2480	0.953271
2481	0.953271
2482	0.953271
2483	0.953271
2484	0.953271
2485	0.953271
2486	0.953271
2487	0.953271
2488	0.953271
2489	0.953271
2490	0.953271
2491	0.953271
2492	0.953271
2493	0.953271
2494	0.953271
2495	0.953271
2496	0.953271
2497	0.953271
2498	0.953271
2499	0.953271
2500	0.953271
2501	0.953271
2502	0.953271
2503	0.953271
2504	0.953271
2505	0.953271
2506	0.953271
2507	0.953271
2508	0.953271
2509	0.953271
2510	0.953271
2511	0.953271
2512	0.953271
2513	0.953271
2514	0.953271
2515	0.953271
2516	0.953271
2517	0.953271
2518	0.953271
2519	0.953271
2520	0.953271
2521	0.953271
2522	0.953271
2523	0.953271
2524	0.953271
2525	0.953271
2526	0.953271
2527	0.953271
2528	0.953271
2529	0.953271
2530	0.953271
2531	0.953271
2532	0.953271
2533	0.953271
2534	0.953271
2535	0.953271
2536	0.953271
2537	0.953271
2538	0.953271
2539	0.953271
2540	0.953271
2541	0.953271
2542	0.953271
2543	0.953271
2544	0.953271
2545	0.953271
2546	0.953271
2547	0.953271
2548	0.953271
2549	0.953271
2550	0.953271
2551	0.953271
2552	0.953271
2553	0.953271
2554	0.953271
2555	0.953271
2556	0.953271
2557	0.953271
2558	0.953271
2559	0.953271
2560	0.953271
2561	0.953271
2562	0.953271
2563	0.953271
2564	0.953271
2565	0.953271
2566	0.953271
2567	0.953271
2568	0.953271
2569	0.953271
2570	0.953271
2571	0.953271
2572	0.953271
2573	0.953271
2574	0.953271
2575	0.953271
2576	0.953271
2577	0.953271
2578	0.953271
2579	0.953271
2580	0.953271
2581	0.953271
2582	0.953271
2583	0.953271
2584	0.953271
2585	0.953271
2586	0.953271
2587	0.953271
2588	0.953271
2589	0.953271
2590	0.953271
2591	0.953271
2592	0.953271
2593	0.953271
2594	0.953271
2595	0.953271
2596	0.953271
2597	0.953271
2598	0.953271
2599	0.953271
2600	0.953271
2601	0.953271
2602	0.953271
2603	0.953271
2604	0.953271
2605	0.953271
2606	0.953271
2607	0.953271
2608	0.953271
2609	0.953271
2610	0.953271
2611	0.953271
2612	0.953271
2613	0.953271
2614	0.953271
2615	0.953271
2616	0.953271
2617	0.953271
2618	0.953271
2619	0.953271
2620	0.953271
2621	0.953271
2622	0.953271
2623	0.953271
2624	0.953271
2625	0.953271
2626	0.953271
2627	0.953271
2628	0.953271
2629	0.953271
2630	0.953271
2631	0.953271
2632	0.953271
2633	0.953271
2634	0.953271
2635	0.953271
2636	0.953271
2637	0.953271
2638	0.953271
2639	0.953271
2640	0.953271
2641	0.953271
2642	0.953271
2643	0.953271
2644	0.953271
2645	0.953271
2646	0.953271
2647	0.953271
2648	0.953271
2649	0.953271
2650	0.953271
2651	0.953271
2652	0.953271
2653	0.953271
2654	0.953271
2655	0.953271
2656	0.953271
2657	0.953271
2658	0.953271
2659	0.953271
2660	0.953271
2661	0.953271
2662	0.953271
2663	0.953271
2664	0.953271
2665	0.953271
2666	0.953271
2667	0.953271
2668	0.953271
2669	0.953271
2670	0.953271
2671	0.953271
2672	0.953271
2673	0.953271
2674	0.953271
2675	0.953271
2676	0.953271
2677	0.953271
2678	0.953271
2679	0.953271
2680	0.953271
2681	0.953271
2682	0.953271
2683	0.953271
2684	0.953271
2685	0.953271
2686	0.953271
2687	0.953271
2688	0.953271
2689	0.953271
2690	0.953271
2691	0.953271
2692	0.953271
2693	0.953271
2694	0.953271
2695	0.953271
2696	0.953271
2697	0.953271
2698	0.953271
2699	0.953271
2700	0.953271
2701	0.953271
2702	0.953271
2703	0.953271
2704	0.953271
2705	0.953271
2706	0.953271
2707	0.953271
2708	0.953271
2709	0.953271
2710	0.953271
2711	0.953271
2712	0.953271
2713	0.953271
2714	0.953271
2715	0.953271
2716	0.953271
2717	0.953271
2718	0.953271
2719	0.953271
2720	0.953271
2721	0.953271
2722	0.953271
2723	0.953271
2724	0.953271
2725	0.953271
2726	0.953271
2727	0.953271
2728	0.953271
2729	0.953271
2730	0.953271
2731	0.953271
2732	0.953271
2733	0.953271
2734	0.953271
2735	0.953271
2736	0.953271
2737	0.953271
2738	0.953271
2739	0.953271
2740	0.953271
2741	0.953271
2742	0.953271
2743	0.953271
2744	0.953271
2745	0.953271
2746	0.953271
2747	0.953271
2748	0.953271
2749	0.953271
2750	0.953271
2751	0.953271
2752	0.953271
2753	0.953271
2754	0.953271
2755	0.953271
2756	0.953271
2757	0.953271
2758	0.953271
2759	0.953271
2760	0.953271
2761	0.953271
2762	0.953271
2763	0.953271
2764	0.953271
2765	0.953271
2766	0.953271
2767	0.953271
2768	0.953271
2769	0.953271
2770	0.953271
2771	0.953271
2772	0.953271
2773	0.953271
2774	0.953271
2775	0.953271
2776	0.953271
2777	0.953271
2778	0.953271
2779	0.953271
2780	0.953271
2781	0.953271
2782	0.953271
2783	0.953271
2784	0.953271
2785	0.953271
2786	0.953271
2787	0.953271
2788	0.953271
2789	0.953271
2790	0.953271
2791	0.953271
2792	0.953271
2793	0.953271
2794	0.953271
2795	0.953271
2796	0.953271
2797	0.953271
2798	0.953271
2799	0.953271
2800	0.953271
2801	0.953271
2802	0.953271
2803	0.953271
2804	0.953271
2805	0.953271
2806	0.953271
2807	0.953271
2808	0.953271
2809	0.953271
2810	0.953271
2811	0.953271
2812	0.953271
2813	0.953271
2814	0.953271
2815	0.953271
2816	0.953271
2817	0.953271
2818	0.953271
2819	0.953271
2820	0.953271
2821	0.953271
2822	0.953271
2823	0.953271
2824	0.953271
2825	0.953271
2826	0.953271
2827	0.953271
2828	0.953271
2829	0.953271
2830	0.953271
2831	0.953271
2832	0.953271
2833	0.953271
2834	0.953271
2835	0.953271
2836	0.953271
2837	0.953271
2838	0.953271
2839	0.953271
2840	0.953271
2841	0.953271
2842	0.953271
2843	0.953271
2844	0.953271
2845	0.953271
2846	0.953271
2847	0.953271
2848	0.953271
2849	0.953271
2850	0.953271
2851	0.953271
2852	0.953271
2853	0.953271
2854	0.953271
2855	0.953271
2856	0.953271
2857	0.953271
2858	0.953271
2859	0.953271
2860	0.953271
2861	0.953271
2862	0.953271
2863	0.953271
2864	0.953271
2865	0.953271
2866	0.953271
2867	0.953271
2868	0.953271
2869	0.953271
2870	0.953271
2871	0.953271
2872	0.953271
2873	0.953271
2874	0.953271
2875	0.953271
2876	0.953271
2877	0.953271
2878	0.953271
2879	0.953271
2880	0.953271
2881	0.953271
2882	0.953271
2883	0.953271
2884	0.953271
2885	0.953271
2886	0.953271
2887	0.953271
2888	0.953271
2889	0.953271
2890	0.953271
2891	0.953271
2892	0.953271
2893	0.953271
2894	0.953271
2895	0.953271
2896	0.953271
2897	0.953271
2898	0.953271
2899	0.953271
2900	0.953271
2901	0.953271
2902	0.953271
2903	0.953271
2904	0.953271
2905	0.953271
2906	0.953271
2907	0.953271
2908	0.953271
2909	0.953271
2910	0.953271
2911	0.953271
2912	0.953271
2913	0.953271
2914	0.953271
2915	0.953271
2916	0.953271
2917	0.953271
2918	0.953271
2919	0.953271
2920	0.953271
2921	0.953271
2922	0.953271
2923	0.953271
2924	0.953271
2925	0.953271
2926	0.953271
2927	0.953271
2928	0.953271
2929	0.953271
2930	0.953271
2931	0.953271
2932	0.953271
2933	0.953271
2934	0.953271
2935	0.953271
2936	0.953271
2937	0.953271
2938	0.953271
2939	0.953271
2940	0.953271
2941	0.953271
2942	0.953271
2943	0.953271
2944	0.953271
2945	0.953271
2946	0.953271
2947	0.953271
2948	0.953271
2949	0.953271
2950	0.953271
2951	0.953271
2952	0.953271
2953	0.953271
2954	0.953271
2955	0.953271
2956	0.953271
2957	0.953271
2958	0.953271
2959	0.953271
2960	0.953271
2961	0.953271
2962	0.953271
2963	0.953271
2964	0.953271
2965	0.953271
2966	0.953271
2967	0.953271
2968	0.953271
2969	0.953271
2970	0.953271
2971	0.953271
2972	0.953271
2973	0.953271
2974	0.953271
2975	0.953271
2976	0.953271
2977	0.953271
2978	0.953271
2979	0.953271
2980	0.953271
2981	0.953271
2982	0.953271
2983	0.953271
2984	0.953271
2985	0.953271
2986	0.953271
2987	0.953271
2988	0.953271
2989	0.953271
2990	0.953271
2991	0.953271
2992	0.953271
2993	0.953271
2994	0.953271
2995	0.953271
2996	0.953271
2997	0.953271
2998	0.953271
2999	0.953271
3000	0.953271
3001	0.953271
3002	0.953271
3003	0.953271
3004	0.953271
3005	0.953271
3006	0.953271
3007	0.953271
3008	0.953271
3009	0.953271
3010	0.953271
3011	0.953271
3012	0.953271
3013	0.953271
3014	0.953271
3015	0.953271
3016	0.953271
3017	0.953271
3018	0.953271
3019	0.953271
3020	0.953271
3021	0.953271
3022	0.953271
3023	0.953271
3024	0.953271
3025	0.953271
3026	0.953271
3027	0.953271
3028	0.953271
3029	0.953271
3030	0.953271
3031	0.953271
3032	0.953271
3033	0.953271
3034	0.953271
3035	0.953271
3036	0.953271
3037	0.953271
3038	0.953271
3039	0.953271
3040	0.953271
3041	0.953271
3042	0.953271
3043	0.953271
3044	0.953271
3045	0.953271
3046	0.953271
3047	0.953271
3048	0.953271
3049	0.953271
3050	0.953271
3051	0.953271
3052	0.953271
3053	0.953271
3054	0.953271
3055	0.953271
3056	0.953271
3057	0.953271
3058	0.953271
3059	0.953271
3060	0.953271
3061	0.953271
3062	0.953271
3063	0.953271
3064	0.953271
3065	0.953271
3066	0.953271
3067	0.953271
3068	0.953271
3069	0.953271
3070	0.953271
3071	0.953271
3072	0.953271
3073	0.953271
3074	0.953271
3075	0.953271
3076	0.953271
3077	0.953271
3078	0.953271
3079	0.953271
3080	0.953271
3081	0.953271
3082	0.953271
3083	0.953271
3084	0.953271
3085	0.953271
3086	0.953271
3087	0.953271
3088	0.953271
3089	0.953271
3090	0.953271
3091	0.953271
3092	0.953271
3093	0.953271
3094	0.953271
3095	0.953271
3096	0.953271
3097	0.953271
3098	0.953271
3099	0.953271
3100	0.953271
3101	0.953271
3102	0.953271
3103	0.953271
3104	0.953271
3105	0.953271
3106	0.953271
3107	0.953271
3108	0.953271
3109	0.953271
3110	0.953271
3111	0.953271
3112	0.953271
3113	0.953271
3114	0.953271
3115	0.953271
3116	0.953271
3117	0.953271
3118	0.953271
3119	0.953271
3120	0.953271
3121	0.953271
3122	0.953271
3123	0.953271
3124	0.953271
3125	0.953271
3126	0.953271
3127	0.953271
3128	0.953271
3129	0.953271
3130	0.953271
3131	0.953271
3132	0.953271
3133	0.953271
3134	0.953271
3135	0.953271
3136	0.953271
3137	0.953271
3138	0.953271
3139	0.953271
3140	0.953271
3141	0.953271
3142	0.953271
3143	0.953271
3144	0.953271
3145	0.953271
3146	0.953271
3147	0.953271
3148	0.953271
3149	0.953271
3150	0.953271
3151	0.953271
3152	0.953271
3153	0.953271
3154	0.953271
3155	0.953271
3156	0.953271
3157	0.953271
3158	0.953271
3159	0.953271
3160	0.953271
3161	0.953271
3162	0.953271
3163	0.953271
3164	0.953271
3165	0.953271
3166	0.953271
3167	0.953271
3168	0.953271
3169	0.953271
3170	0.953271
3171	0.953271
3172	0.953271
3173	0.953271
3174	0.953271
3175	0.953271
3176	0.953271
3177	0.953271
3178	0.953271
3179	0.953271
3180	0.953271
3181	0.953271
3182	0.953271
3183	0.953271
3184	0.953271
3185	0.953271
3186	0.953271
3187	0.953271
3188	0.953271
3189	0.953271
3190	0.953271
3191	0.953271
3192	0.953271
3193	0.953271
3194	0.953271
3195	0.953271
3196	0.953271
3197	0.953271
3198	0.953271
3199	0.953271
3200	0.953271
3201	0.953271
3202	0.953271
3203	0.953271
3204	0.953271
3205	0.953271
3206	0.953271
3207	0.953271
3208	0.953271
3209	0.953271
3210	0.953271
3211	0.953271
3212	0.953271
3213	0.953271
3214	0.953271
3215	0.953271
3216	0.953271
3217	0.953271
3218	0.953271
3219	0.953271
3220	0.953271
3221	0.953271
3222	0.953271
3223	0.953271
3224	0.953271
3225	0.953271
3226	0.953271
3227	0.953271
3228	0.953271
3229	0.953271
3230	0.953271
3231	0.953271
3232	0.953271
3233	0.953271
3234	0.953271
3235	0.953271
3236	0.953271
3237	0.953271
3238	0.953271
3239	0.953271
3240	0.953271
3241	0.953271
3242	0.953271
3243	0.953271
3244	0.953271
3245	0.953271
3246	0.953271
3247	0.953271
3248	0.953271
3249	0.953271
3250	0.953271
3251	0.953271
3252	0.953271
3253	0.953271
3254	0.953271
3255	0.953271
3256	0.953271
3257	0.953271
3258	0.953271
3259	0.953271
3260	0.953271
3261	0.953271
3262	0.953271
3263	0.953271
3264	0.953271
3265	0.953271
3266	0.953271
3267	0.953271
3268	0.953271
3269	0.953271
3270	0.953271
3271	0.953271
3272	0.953271
3273	0.953271
3274	0.953271
3275	0.953271
3276	0.953271
3277	0.953271
3278	0.953271
3279	0.953271
3280	0.953271
3281	0.953271
3282	0.953271
3283	0.953271
3284	0.953271
3285	0.953271
3286	0.953271
3287	0.953271
3288	0.953271
3289	0.953271
3290	0.953271
3291	0.953271
3292	0.953271
3293	0.953271
3294	0.953271
3295	0.953271
3296	0.953271
3297	0.953271
3298	0.953271
3299	0.953271
3300	0.953271
3301	0.953271
3302	0.953271
3303	0.953271
3304	0.953271
3305	0.953271
3306	0.953271
3307	0.953271
3308	0.953271
3309	0.953271
3310	0.953271
3311	0.953271
3312	0.953271
3313	0.953271
3314	0.953271
3315	0.953271
3316	0.953271
3317	0.953271
3318	0.953271
3319	0.953271
3320	0.953271
3321	0.953271
3322	0.953271
3323	0.953271
3324	0.953271
3325	0.953271
3326	0.953271
3327	0.953271
3328	0.953271
3329	0.953271
3330	0.953271
3331	0.953271
3332	0.953271
3333	0.953271
3334	0.953271
3335	0.953271
3336	0.953271
3337	0.953271
3338	0.953271
3339	0.953271
3340	0.953271
3341	0.953271
3342	0.953271
3343	0.953271
3344	0.953271
3345	0.953271
3346	0.953271
3347	0.953271
3348	0.953271
3349	0.953271
3350	0.953271
3351	0.953271
3352	0.953271
3353	0.953271
3354	0.953271
3355	0.953271
3356	0.953271
3357	0.953271
3358	0.953271
3359	0.953271
3360	0.953271
3361	0.953271
3362	0.953271
3363	0.953271
3364	0.953271
3365	0.953271
3366	0.953271
3367	0.953271
3368	0.953271
3369	0.953271
3370	0.953271
3371	0.953271
3372	0.953271
3373	0.953271
3374	0.953271
3375	0.953271
3376	0.953271
3377	0.953271
3378	0.953271
3379	0.953271
3380	0.953271
3381	0.953271
3382	0.953271
3383	0.953271
3384	0.953271
3385	0.953271
3386	0.953271
3387	0.953271
3388	0.953271
3389	0.953271
3390	0.953271
3391	0.953271
3392	0.953271
3393	0.953271
3394	0.953271
3395	0.953271
3396	0.953271
3397	0.953271
3398	0.953271
3399	0.953271
3400	0.953271
3401	0.953271
3402	0.953271
3403	0.953271
3404	0.953271
3405	0.953271
3406	0.953271
3407	0.953271
3408	0.953271
3409	0.953271
3410	0.953271
3411	0.953271
3412	0.953271
3413	0.953271
3414	0.953271
3415	0.953271
3416	0.953271
3417	0.953271
3418	0.953271
3419	0.953271
3420	0.953271
3421	0.953271
3422	0.953271
3423	0.953271
3424	0.953271
3425	0.953271
3426	0.953271
3427	0.953271
3428	0.953271
3429	0.953271
3430	0.953271
3431	0.953271
3432	0.953271
3433	0.953271
3434	0.953271
3435	0.953271
3436	0.953271
3437	0.953271
3438	0.953271
3439	0.953271
3440	0.953271
3441	0.953271
3442	0.953271
3443	0.953271
3444	0.953271
3445	0.953271
3446	0.953271
3447	0.953271
3448	0.953271
3449	0.953271
3450	0.953271
3451	0.953271
3452	0.953271
3453	0.953271
3454	0.953271
3455	0.953271
3456	0.953271
3457	0.953271
3458	0.953271
3459	0.953271
3460	0.953271
3461	0.953271
3462	0.953271
3463	0.953271
3464	0.953271
3465	0.953271
3466	0.953271
3467	0.953271
3468	0.953271
3469	0.953271
3470	0.953271
3471	0.953271
3472	0.953271
3473	0.953271
3474	0.953271
3475	0.953271
3476	0.953271
3477	0.953271
3478	0.953271
3479	0.953271
3480	0.953271
3481	0.953271
3482	0.953271
3483	0.953271
3484	0.953271
3485	0.953271
3486	0.953271
3487	0.953271
3488	0.953271
3489	0.953271
3490	0.953271
3491	0.953271
3492	0.953271
3493	0.953271
3494	0.953271
3495	0.953271
3496	0.953271
3497	0.953271
3498	0.953271
3499	0.953271
3500	0.953271
3501	0.953271
3502	0.953271
3503	0.953271
3504	0.953271
3505	0.953271
3506	0.953271
3507	0.953271
3508	0.953271
3509	0.953271
3510	0.953271
3511	0.953271
3512	0.953271
3513	0.953271
3514	0.953271
3515	0.953271
3516	0.953271
3517	0.953271
3518	0.953271
3519	0.953271
3520	0.953271
3521	0.953271
3522	0.953271
3523	0.953271
3524	0.953271
3525	0.953271
3526	0.953271
3527	0.953271
3528	0.953271
3529	0.953271
3530	0.953271
3531	0.953271
3532	0.953271
3533	0.953271
3534	0.953271
3535	0.953271
3536	0.953271
3537	0.953271
3538	0.953271
3539	0.953271
3540	0.953271
3541	0.953271
3542	0.953271
3543	0.953271
3544	0.953271
3545	0.953271
3546	0.953271
3547	0.953271
3548	0.953271
3549	0.953271
3550	0.953271
3551	0.953271
3552	0.953271
3553	0.953271
3554	0.953271
3555	0.953271
3556	0.953271
3557	0.953271
3558	0.953271
3559	0.953271
3560	0.953271
3561	0.953271
3562	0.953271
3563	0.953271
3564	0.953271
3565	0.953271
3566	0.953271
3567	0.953271
3568	0.953271
3569	0.953271
3570	0.953271
3571	0.953271
3572	0.953271
3573	0.953271
3574	0.953271
3575	0.953271
3576	0.953271
3577	0.953271
3578	0.953271
3579	0.953271
3580	0.953271
3581	0.953271
3582	0.953271
3583	0.953271
3584	0.953271
3585	0.953271
3586	0.953271
3587	0.953271
3588	0.953271
3589	0.953271
3590	0.953271
3591	0.953271
3592	0.953271
3593	0.953271
3594	0.953271
3595	0.953271
3596	0.953271
3597	0.953271
3598	0.953271
3599	0.953271
3600	0.953271
3601	0.953271
3602	0.953271
3603	0.953271
3604	0.953271
3605	0.953271
3606	0.953271
3607	0.953271
3608	0.953271
3609	0.953271
3610	0.953271
3611	0.953271
3612	0.953271
3613	0.953271
3614	0.953271
3615	0.953271
3616	0.953271
3617	0.953271
3618	0.953271
3619	0.953271
3620	0.953271
3621	0.953271
3622	0.953271
3623	0.953271
3624	0.953271
3625	0.953271
3626	0.953271
3627	0.953271
3628	0.953271
3629	0.953271
3630	0.953271
3631	0.953271
3632	0.953271
3633	0.953271
3634	0.953271
3635	0.953271
3636	0.953271
3637	0.953271
3638	0.953271
3639	0.953271
3640	0.953271
3641	0.953271
3642	0.953271
3643	0.953271
3644	0.953271
3645	0.953271
3646	0.953271
3647	0.953271
3648	0.953271
3649	0.953271
3650	0.953271
3651	0.953271
3652	0.953271
3653	0.953271
3654	0.953271
3655	0.953271
3656	0.953271
3657	0.953271
3658	0.953271
3659	0.953271
3660	0.953271
3661	0.953271
3662	0.953271
3663	0.953271
3664	0.953271
3665	0.953271
3666	0.953271
3667	0.953271
3668	0.953271
3669	0.953271
3670	0.953271
3671	0.953271
3672	0.953271
3673	0.953271
3674	0.953271
3675	0.953271
3676	0.953271
3677	0.953271
3678	0.953271
3679	0.953271
3680	0.953271
3681	0.953271
3682	0.953271
3683	0.953271
3684	0.953271
3685	0.953271
3686	0.953271
3687	0.953271
3688	0.953271
3689	0.953271
3690	0.953271
3691	0.953271
3692	0.953271
3693	0.953271
3694	0.953271
3695	0.953271
3696	0.953271
3697	0.953271
3698	0.953271
3699	0.953271
3700	0.953271
3701	0.953271
3702	0.953271
3703	0.953271
3704	0.953271
3705	0.953271
3706	0.953271
3707	0.953271
3708	0.953271
3709	0.953271
3710	0.953271
3711	0.953271
3712	0.953271
3713	0.953271
3714	0.953271
3715	0.953271
3716	0.953271
3717	0.953271
3718	0.953271
3719	0.953271
3720	0.953271
3721	0.953271
3722	0.953271
3723	0.953271
3724	0.953271
3725	0.953271
3726	0.953271
3727	0.953271
3728	0.953271
3729	0.953271
3730	0.953271
3731	0.953271
3732	0.953271
3733	0.953271
3734	0.953271
3735	0.953271
3736	0.953271
3737	0.953271
3738	0.953271
3739	0.953271
3740	0.953271
3741	0.953271
3742	0.953271
3743	0.953271
3744	0.953271
3745	0.953271
3746	0.953271
3747	0.953271
3748	0.953271
3749	0.953271
3750	0.953271
3751	0.953271
3752	0.953271
3753	0.953271
3754	0.953271
3755	0.953271
3756	0.953271
3757	0.953271
3758	0.953271
3759	0.953271
3760	0.953271
3761	0.953271
3762	0.953271
3763	0.953271
3764	0.953271
3765	0.953271
3766	0.953271
3767	0.953271
3768	0.953271
3769	0.953271
3770	0.953271
3771	0.953271
3772	0.953271
3773	0.953271
3774	0.953271
3775	0.953271
3776	0.953271
3777	0.953271
3778	0.953271
3779	0.953271
3780	0.953271
3781	0.953271
3782	0.953271
3783	0.953271
3784	0.953271
3785	0.953271
3786	0.953271
3787	0.953271
3788	0.953271
3789	0.953271
3790	0.953271
3791	0.953271
3792	0.953271
3793	0.953271
3794	0.953271
3795	0.953271
3796	0.953271
3797	0.953271
3798	0.953271
3799	0.953271
3800	0.953271
3801	0.953271
3802	0.953271
3803	0.953271
3804	0.953271
3805	0.953271
3806	0.953271
3807	0.953271
3808	0.953271
3809	0.953271
3810	0.953271
3811	0.953271
3812	0.953271
3813	0.953271
3814	0.953271
3815	0.953271
3816	0.953271
3817	0.953271
3818	0.953271
3819	0.953271
3820	0.953271
3821	0.953271
3822	0.953271
3823	0.953271
3824	0.953271
3825	0.953271
3826	0.953271
3827	0.953271
3828	0.953271
3829	0.953271
3830	0.953271
3831	0.953271
3832	0.953271
3833	0.953271
3834	0.953271
3835	0.953271
3836	0.953271
3837	0.953271
3838	0.953271
3839	0.953271
3840	0.953271
3841	0.953271
3842	0.953271
3843	0.953271
3844	0.953271
3845	0.953271
3846	0.953271
3847	0.953271
3848	0.953271
3849	0.953271
3850	0.953271
3851	0.953271
3852	0.953271
3853	0.953271
3854	0.953271
3855	0.953271
3856	0.953271
3857	0.953271
3858	0.953271
3859	0.953271
3860	0.953271
3861	0.953271
3862	0.953271
3863	0.953271
3864	0.953271
3865	0.953271
3866	0.953271
3867	0.953271
3868	0.953271
3869	0.953271
3870	0.953271
3871	0.953271
3872	0.953271
3873	0.953271
3874	0.953271
3875	0.953271
3876	0.953271
3877	0.953271
3878	0.953271
3879	0.953271
3880	0.953271
3881	0.953271
3882	0.953271
3883	0.953271
3884	0.953271
3885	0.953271
3886	0.953271
3887	0.953271
3888	0.953271
3889	0.953271
3890	0.953271
3891	0.953271
3892	0.953271
3893	0.953271
3894	0.953271
3895	0.953271
3896	0.953271
3897	0.953271
3898	0.953271
3899	0.953271
3900	0.953271
3901	0.953271
3902	0.953271
3903	0.953271
3904	0.953271
3905	0.953271
3906	0.953271
3907	0.953271
3908	0.953271
3909	0.953271
3910	0.953271
3911	0.953271
3912	0.953271
3913	0.953271
3914	0.953271
3915	0.953271
3916	0.953271
3917	0.953271
3918	0.953271
3919	0.953271
3920	0.953271
3921	0.953271
3922	0.953271
3923	0.953271
3924	0.953271
3925	0.953271
3926	0.953271
3927	0.953271
3928	0.953271
3929	0.953271
3930	0.953271
3931	0.953271
3932	0.953271
3933	0.953271
3934	0.953271
3935	0.953271
3936	0.953271
3937	0.953271
3938	0.953271
3939	0.953271
3940	0.953271
3941	0.953271
3942	0.953271
3943	0.953271
3944	0.953271
3945	0.953271
3946	0.953271
3947	0.953271
3948	0.953271
3949	0.953271
3950	0.953271
3951	0.953271
3952	0.953271
3953	0.953271
3954	0.953271
3955	0.953271
3956	0.953271
3957	0.953271
3958	0.953271
3959	0.953271
3960	0.953271
3961	0.953271
3962	0.953271
3963	0.953271
3964	0.953271
3965	0.953271
3966	0.953271
3967	0.953271
3968	0.953271
3969	0.953271
3970	0.953271
3971	0.953271
3972	0.953271
3973	0.953271
3974	0.953271
3975	0.953271
3976	0.953271
3977	0.953271
3978	0.953271
3979	0.953271
3980	0.953271
3981	0.954439
3982	0.954439
3983	0.954439
3984	0.954439
3985	0.954439
3986	0.954439
3987	0.954439
3988	0.954439
3989	0.954439
3990	0.954439
3991	0.954439
3992	0.954439
3993	0.954439
3994	0.954439
3995	0.954439
3996	0.954439
3997	0.954439
3998	0.954439
3999	0.954439
4000	0.954439
4001	0.954439
4002	0.954439
4003	0.954439
4004	0.954439
4005	0.954439
4006	0.954439
4007	0.954439
4008	0.954439
4009	0.954439
4010	0.954439
4011	0.954439
4012	0.955607
4013	0.955607
4014	0.955607
4015	0.955607
4016	0.955607
4017	0.955607
4018	0.955607
4019	0.955607
4020	0.955607
4021	0.955607
4022	0.955607
4023	0.955607
4024	0.955607
4025	0.955607
4026	0.955607
4027	0.955607
4028	0.955607
4029	0.955607
4030	0.955607
4031	0.955607
4032	0.955607
4033	0.955607
4034	0.955607
4035	0.955607
4036	0.955607
4037	0.955607
4038	0.955607
4039	0.955607
4040	0.955607
4041	0.955607
4042	0.955607
4043	0.955607
4044	0.955607
4045	0.955607
4046	0.955607
4047	0.955607
4048	0.955607
4049	0.955607
4050	0.955607
4051	0.955607
4052	0.955607
4053	0.955607
4054	0.955607
4055	0.955607
4056	0.955607
4057	0.955607
4058	0.955607
4059	0.955607
4060	0.955607
4061	0.955607
4062	0.955607
4063	0.955607
4064	0.955607
4065	0.955607
4066	0.955607
4067	0.955607
4068	0.955607
4069	0.955607
4070	0.955607
4071	0.955607
4072	0.955607
4073	0.955607
4074	0.955607
4075	0.955607
4076	0.955607
4077	0.955607
4078	0.955607
4079	0.955607
4080	0.955607
4081	0.955607
4082	0.955607
4083	0.955607
4084	0.955607
4085	0.955607
4086	0.955607
4087	0.955607
4088	0.955607
4089	0.955607
4090	0.955607
4091	0.955607
4092	0.955607
4093	0.955607
4094	0.955607
4095	0.955607
4096	0.955607
4097	0.955607
4098	0.955607
4099	0.955607
4100	0.955607
4101	0.955607
4102	0.955607
4103	0.955607
4104	0.955607
4105	0.955607
4106	0.955607
4107	0.955607
4108	0.955607
4109	0.955607
4110	0.955607
4111	0.955607
4112	0.955607
4113	0.955607
4114	0.955607
4115	0.955607
4116	0.955607
4117	0.955607
4118	0.955607
4119	0.955607
4120	0.955607
4121	0.955607
4122	0.955607
4123	0.955607
4124	0.955607
4125	0.955607
4126	0.955607
4127	0.955607
4128	0.955607
4129	0.955607
4130	0.955607
4131	0.955607
4132	0.955607
4133	0.955607
4134	0.955607
4135	0.955607
4136	0.955607
4137	0.955607
4138	0.955607
4139	0.955607
4140	0.955607
4141	0.955607
4142	0.955607
4143	0.955607
4144	0.955607
4145	0.955607
4146	0.955607
4147	0.955607
4148	0.955607
4149	0.955607
4150	0.955607
4151	0.955607
4152	0.955607
4153	0.955607
4154	0.955607
4155	0.955607
4156	0.955607
4157	0.955607
4158	0.955607
4159	0.955607
4160	0.955607
4161	0.955607
4162	0.955607
4163	0.955607
4164	0.955607
4165	0.955607
4166	0.955607
4167	0.955607
4168	0.955607
4169	0.955607
4170	0.955607
4171	0.955607
4172	0.955607
4173	0.955607
4174	0.955607
4175	0.955607
4176	0.955607
4177	0.955607
4178	0.955607
4179	0.955607
4180	0.955607
4181	0.955607
4182	0.955607
4183	0.955607
4184	0.955607
4185	0.955607
4186	0.955607
4187	0.955607
4188	0.955607
4189	0.955607
4190	0.955607
4191	0.955607
4192	0.955607
4193	0.955607
4194	0.955607
4195	0.955607
4196	0.955607
4197	0.955607
4198	0.955607
4199	0.955607
4200	0.955607
4201	0.955607
4202	0.955607
4203	0.955607
4204	0.955607
4205	0.955607
4206	0.955607
4207	0.955607
4208	0.955607
4209	0.955607
4210	0.955607
4211	0.955607
4212	0.955607
4213	0.955607
4214	0.955607
4215	0.955607
4216	0.955607
4217	0.955607
4218	0.955607
4219	0.955607
4220	0.955607
4221	0.955607
4222	0.955607
4223	0.955607
4224	0.955607
4225	0.955607
4226	0.955607
4227	0.955607
4228	0.955607
4229	0.955607
4230	0.955607
4231	0.955607
4232	0.955607
4233	0.955607
4234	0.955607
4235	0.955607
4236	0.955607
4237	0.955607
4238	0.955607
4239	0.955607
4240	0.955607
4241	0.955607
4242	0.955607
4243	0.955607
4244	0.955607
4245	0.955607
4246	0.955607
4247	0.955607
4248	0.955607
4249	0.955607
4250	0.955607
4251	0.955607
4252	0.955607
4253	0.955607
4254	0.955607
4255	0.955607
4256	0.955607
4257	0.955607
4258	0.955607
4259	0.955607
4260	0.955607
4261	0.955607
4262	0.955607
4263	0.955607
4264	0.955607
4265	0.955607
4266	0.955607
4267	0.955607
4268	0.955607
4269	0.955607
4270	0.955607
4271	0.955607
4272	0.955607
4273	0.955607
4274	0.955607
4275	0.955607
4276	0.955607
4277	0.955607
4278	0.955607
4279	0.955607
4280	0.955607
4281	0.955607
4282	0.955607
4283	0.955607
4284	0.955607
4285	0.955607
4286	0.955607
4287	0.955607
4288	0.955607
4289	0.955607
4290	0.955607
4291	0.955607
4292	0.955607
4293	0.955607
4294	0.955607
4295	0.955607
4296	0.955607
4297	0.955607
4298	0.955607
4299	0.955607
4300	0.955607
4301	0.955607
4302	0.955607
4303	0.955607
4304	0.955607
4305	0.955607
4306	0.955607
4307	0.955607
4308	0.955607
4309	0.955607
4310	0.955607
4311	0.955607
4312	0.955607
4313	0.955607
4314	0.955607
4315	0.955607
4316	0.955607
4317	0.955607
4318	0.955607
4319	0.955607
4320	0.955607
4321	0.955607
4322	0.955607
4323	0.955607
4324	0.955607
4325	0.955607
4326	0.955607
4327	0.955607
4328	0.955607
4329	0.955607
4330	0.955607
4331	0.955607
4332	0.955607
4333	0.955607
4334	0.955607
4335	0.955607
4336	0.955607
4337	0.955607
4338	0.955607
4339	0.955607
4340	0.955607
4341	0.955607
4342	0.955607
4343	0.955607
4344	0.955607
4345	0.955607
4346	0.955607
4347	0.955607
4348	0.955607
4349	0.955607
4350	0.955607
4351	0.955607
4352	0.955607
4353	0.955607
4354	0.955607
4355	0.955607
4356	0.955607
4357	0.955607
4358	0.955607
4359	0.955607
4360	0.955607
4361	0.955607
4362	0.955607
4363	0.955607
4364	0.955607
4365	0.955607
4366	0.955607
4367	0.955607
4368	0.955607
4369	0.955607
4370	0.955607
4371	0.955607
4372	0.955607
4373	0.955607
4374	0.955607
4375	0.955607
4376	0.955607
4377	0.955607
4378	0.955607
4379	0.955607
4380	0.955607
4381	0.955607
4382	0.955607
4383	0.955607
4384	0.955607
4385	0.955607
4386	0.955607
4387	0.955607
4388	0.955607
4389	0.955607
4390	0.955607
4391	0.955607
4392	0.955607
4393	0.955607
4394	0.955607
4395	0.955607
4396	0.955607
4397	0.955607
4398	0.955607
4399	0.955607
4400	0.955607
4401	0.955607
4402	0.955607
4403	0.955607
4404	0.955607
4405	0.955607
4406	0.955607
4407	0.955607
4408	0.955607
4409	0.955607
4410	0.955607
4411	0.955607
4412	0.955607
4413	0.955607
4414	0.955607
4415	0.955607
4416	0.955607
4417	0.955607
4418	0.955607
4419	0.955607
4420	0.955607
4421	0.955607
4422	0.955607
4423	0.955607
4424	0.955607
4425	0.955607
4426	0.955607
4427	0.955607
4428	0.955607
4429	0.955607
4430	0.955607
4431	0.955607
4432	0.955607
4433	0.955607
4434	0.955607
4435	0.955607
4436	0.955607
4437	0.955607
4438	0.955607
4439	0.955607
4440	0.955607
4441	0.955607
4442	0.955607
4443	0.955607
4444	0.955607
4445	0.955607
4446	0.955607
4447	0.955607
4448	0.955607
4449	0.955607
4450	0.955607
4451	0.955607
4452	0.955607
4453	0.955607
4454	0.955607
4455	0.955607
4456	0.955607
4457	0.955607
4458	0.955607
4459	0.955607
4460	0.955607
4461	0.955607
4462	0.955607
4463	0.955607
4464	0.955607
4465	0.955607
4466	0.955607
4467	0.955607
4468	0.955607
4469	0.955607
4470	0.955607
4471	0.955607
4472	0.955607
4473	0.955607
4474	0.955607
4475	0.955607
4476	0.955607
4477	0.955607
4478	0.955607
4479	0.955607
4480	0.955607
4481	0.955607
4482	0.955607
4483	0.955607
4484	0.955607
4485	0.955607
4486	0.955607
4487	0.955607
4488	0.955607
4489	0.955607
4490	0.955607
4491	0.955607
4492	0.955607
4493	0.955607
4494	0.955607
4495	0.955607
4496	0.955607
4497	0.955607
4498	0.955607
4499	0.955607
4500	0.955607
4501	0.955607
4502	0.955607
4503	0.955607
4504	0.955607
4505	0.955607
4506	0.955607
4507	0.955607
4508	0.955607
4509	0.955607
4510	0.955607
4511	0.955607
4512	0.955607
4513	0.955607
4514	0.955607
4515	0.955607
4516	0.955607
4517	0.955607
4518	0.955607
4519	0.955607
4520	0.955607
4521	0.955607
4522	0.955607
4523	0.955607
4524	0.955607
4525	0.955607
4526	0.955607
4527	0.955607
4528	0.955607
4529	0.955607
4530	0.955607
4531	0.955607
4532	0.955607
4533	0.955607
4534	0.955607
4535	0.955607
4536	0.955607
4537	0.955607
4538	0.955607
4539	0.955607
4540	0.955607
4541	0.955607
4542	0.955607
4543	0.955607
4544	0.955607
4545	0.955607
4546	0.955607
4547	0.955607
4548	0.955607
4549	0.955607
4550	0.955607
4551	0.955607
4552	0.955607
4553	0.955607
4554	0.955607
4555	0.955607
4556	0.955607
4557	0.955607
4558	0.955607
4559	0.955607
4560	0.955607
4561	0.955607
4562	0.955607
4563	0.955607
4564	0.955607
4565	0.955607
4566	0.955607
4567	0.955607
4568	0.955607
4569	0.955607
4570	0.955607
4571	0.955607
4572	0.955607
4573	0.955607
4574	0.955607
4575	0.955607
4576	0.955607
4577	0.955607
4578	0.955607
4579	0.955607
4580	0.955607
4581	0.955607
4582	0.955607
4583	0.955607
4584	0.955607
4585	0.955607
4586	0.955607
4587	0.955607
4588	0.955607
4589	0.955607
4590	0.955607
4591	0.955607
4592	0.955607
4593	0.955607
4594	0.955607
4595	0.955607
4596	0.955607
4597	0.955607
4598	0.955607
4599	0.955607
4600	0.955607
4601	0.955607
4602	0.955607
4603	0.955607
4604	0.955607
4605	0.955607
4606	0.955607
4607	0.955607
4608	0.955607
4609	0.955607
4610	0.955607
4611	0.955607
4612	0.955607
4613	0.955607
4614	0.955607
4615	0.955607
4616	0.955607
4617	0.955607
4618	0.955607
4619	0.955607
4620	0.955607
4621	0.955607
4622	0.955607
4623	0.955607
4624	0.955607
4625	0.955607
4626	0.955607
4627	0.955607
4628	0.955607
4629	0.955607
4630	0.955607
4631	0.955607
4632	0.955607
4633	0.955607
4634	0.955607
4635	0.955607
4636	0.955607
4637	0.955607
4638	0.955607
4639	0.955607
4640	0.955607
4641	0.955607
4642	0.955607
4643	0.955607
4644	0.955607
4645	0.955607
4646	0.955607
4647	0.955607
4648	0.955607
4649	0.955607
4650	0.955607
4651	0.955607
4652	0.955607
4653	0.955607
4654	0.955607
4655	0.955607
4656	0.955607
4657	0.955607
4658	0.955607
4659	0.955607
4660	0.955607
4661	0.955607
4662	0.955607
4663	0.955607
4664	0.955607
4665	0.955607
4666	0.955607
4667	0.955607
4668	0.955607
4669	0.955607
4670	0.955607
4671	0.955607
4672	0.955607
4673	0.955607
4674	0.955607
4675	0.955607
4676	0.955607
4677	0.955607
4678	0.955607
4679	0.955607
4680	0.955607
4681	0.955607
4682	0.955607
4683	0.955607
4684	0.955607
4685	0.955607
4686	0.955607
4687	0.955607
4688	0.955607
4689	0.955607
4690	0.955607
4691	0.955607
4692	0.955607
4693	0.955607
4694	0.955607
4695	0.955607
4696	0.955607
4697	0.955607
4698	0.955607
4699	0.955607
4700	0.955607
4701	0.955607
4702	0.955607
4703	0.955607
4704	0.955607
4705	0.955607
4706	0.955607
4707	0.955607
4708	0.955607
4709	0.955607
4710	0.955607
4711	0.955607
4712	0.955607
4713	0.955607
4714	0.955607
4715	0.955607
4716	0.955607
4717	0.955607
4718	0.955607
4719	0.955607
4720	0.955607
4721	0.955607
4722	0.955607
4723	0.955607
4724	0.955607
4725	0.955607
4726	0.955607
4727	0.955607
4728	0.955607
4729	0.955607
4730	0.955607
4731	0.955607
4732	0.955607
4733	0.955607
4734	0.955607
4735	0.955607
4736	0.955607
4737	0.955607
4738	0.955607
4739	0.955607
4740	0.955607
4741	0.955607
4742	0.955607
4743	0.955607
4744	0.955607
4745	0.955607
4746	0.955607
4747	0.955607
4748	0.955607
4749	0.955607
4750	0.955607
4751	0.955607
4752	0.955607
4753	0.955607
4754	0.955607
4755	0.955607
4756	0.955607
4757	0.955607
4758	0.955607
4759	0.955607
4760	0.955607
4761	0.955607
4762	0.955607
4763	0.955607
4764	0.955607
4765	0.955607
4766	0.955607
4767	0.955607
4768	0.955607
4769	0.955607
4770	0.955607
4771	0.955607
4772	0.955607
4773	0.955607
4774	0.955607
4775	0.955607
4776	0.955607
4777	0.955607
4778	0.955607
4779	0.955607
4780	0.955607
4781	0.955607
4782	0.955607
4783	0.955607
4784	0.955607
4785	0.955607
4786	0.955607
4787	0.955607
4788	0.955607
4789	0.955607
4790	0.955607
4791	0.955607
4792	0.955607
4793	0.955607
4794	0.955607
4795	0.955607
4796	0.955607
4797	0.955607
4798	0.955607
4799	0.955607
4800	0.955607
4801	0.955607
4802	0.955607
4803	0.955607
4804	0.955607
4805	0.955607
4806	0.955607
4807	0.955607
4808	0.955607
4809	0.955607
4810	0.955607
4811	0.955607
4812	0.955607
4813	0.955607
4814	0.955607
4815	0.955607
4816	0.955607
4817	0.955607
4818	0.955607
4819	0.955607
4820	0.955607
4821	0.955607
4822	0.955607
4823	0.955607
4824	0.955607
4825	0.955607
4826	0.955607
4827	0.955607
4828	0.955607
4829	0.955607
4830	0.955607
4831	0.955607
4832	0.955607
4833	0.955607
4834	0.955607
4835	0.955607
4836	0.955607
4837	0.955607
4838	0.955607
4839	0.955607
4840	0.955607
4841	0.955607
4842	0.955607
4843	0.955607
4844	0.955607
4845	0.955607
4846	0.955607
4847	0.955607
4848	0.955607
4849	0.955607
4850	0.955607
4851	0.955607
4852	0.955607
4853	0.955607
4854	0.955607
4855	0.955607
4856	0.955607
4857	0.955607
4858	0.955607
4859	0.955607
4860	0.955607
4861	0.955607
4862	0.955607
4863	0.955607
4864	0.955607
4865	0.955607
4866	0.955607
4867	0.955607
4868	0.955607
4869	0.955607
4870	0.955607
4871	0.955607
4872	0.955607
4873	0.955607
4874	0.955607
4875	0.955607
4876	0.955607
4877	0.955607
4878	0.955607
4879	0.955607
4880	0.955607
4881	0.955607
4882	0.955607
4883	0.955607
4884	0.955607
4885	0.955607
4886	0.955607
4887	0.955607
4888	0.955607
4889	0.955607
4890	0.955607
4891	0.955607
4892	0.955607
4893	0.955607
4894	0.955607
4895	0.955607
4896	0.955607
4897	0.955607
4898	0.955607
4899	0.955607
4900	0.955607
4901	0.955607
4902	0.955607
4903	0.955607
4904	0.955607
4905	0.955607
4906	0.955607
4907	0.955607
4908	0.955607
4909	0.955607
4910	0.955607
4911	0.955607
4912	0.955607
4913	0.955607
4914	0.955607
4915	0.955607
4916	0.955607
4917	0.955607
4918	0.955607
4919	0.955607
4920	0.955607
4921	0.955607
4922	0.955607
4923	0.955607
4924	0.955607
4925	0.955607
4926	0.955607
4927	0.955607
4928	0.955607
4929	0.955607
4930	0.955607
4931	0.955607
4932	0.955607
4933	0.955607
4934	0.955607
4935	0.955607
4936	0.955607
4937	0.955607
4938	0.955607
4939	0.955607
4940	0.955607
4941	0.955607
4942	0.955607
4943	0.955607
4944	0.955607
4945	0.955607
4946	0.955607
4947	0.955607
4948	0.955607
4949	0.955607
4950	0.955607
4951	0.955607
4952	0.955607
4953	0.955607
4954	0.955607
4955	0.955607
4956	0.955607
4957	0.955607
4958	0.955607
4959	0.955607
4960	0.955607
4961	0.955607
4962	0.955607
4963	0.955607
4964	0.955607
4965	0.955607
4966	0.955607
4967	0.955607
4968	0.955607
4969	0.955607
4970	0.955607
4971	0.955607
4972	0.955607
4973	0.955607
4974	0.955607
4975	0.955607
4976	0.955607
4977	0.955607
4978	0.955607
4979	0.955607
4980	0.955607
4981	0.955607
4982	0.955607
4983	0.955607
4984	0.955607
4985	0.955607
4986	0.955607
4987	0.955607
4988	0.955607
4989	0.955607
4990	0.955607
4991	0.955607
4992	0.955607
4993	0.955607
4994	0.955607
4995	0.955607
4996	0.955607
4997	0.955607
4998	0.955607
4999	0.955607
5000	0.955607
5001	0.955607
5002	0.955607
5003	0.955607
5004	0.955607
5005	0.955607
5006	0.955607
5007	0.955607
5008	0.955607
5009	0.955607
5010	0.955607
5011	0.955607
5012	0.955607
5013	0.955607
5014	0.955607
5015	0.955607
5016	0.955607
5017	0.955607
5018	0.955607
5019	0.955607
5020	0.955607
5021	0.955607
5022	0.955607
5023	0.955607
5024	0.955607
5025	0.955607
5026	0.955607
5027	0.955607
5028	0.955607
5029	0.955607
5030	0.955607
5031	0.955607
5032	0.955607
5033	0.955607
5034	0.955607
5035	0.955607
5036	0.955607
5037	0.955607
5038	0.955607
5039	0.955607
5040	0.955607
5041	0.955607
5042	0.955607
5043	0.955607
5044	0.955607
5045	0.955607
5046	0.955607
5047	0.955607
5048	0.955607
5049	0.955607
5050	0.955607
5051	0.955607
5052	0.955607
5053	0.955607
5054	0.955607
5055	0.955607
5056	0.955607
5057	0.955607
5058	0.955607
5059	0.955607
5060	0.955607
5061	0.955607
5062	0.955607
5063	0.955607
5064	0.955607
5065	0.955607
5066	0.955607
5067	0.955607
5068	0.955607
5069	0.955607
5070	0.955607
5071	0.955607
5072	0.955607
5073	0.955607
5074	0.955607
5075	0.955607
5076	0.955607
5077	0.955607
5078	0.955607
5079	0.955607
5080	0.955607
5081	0.955607
5082	0.955607
5083	0.955607
5084	0.955607
5085	0.955607
5086	0.955607
5087	0.955607
5088	0.955607
5089	0.955607
5090	0.955607
5091	0.955607
5092	0.955607
5093	0.955607
5094	0.955607
5095	0.955607
5096	0.955607
5097	0.955607
5098	0.955607
5099	0.955607
5100	0.955607
5101	0.955607
5102	0.955607
5103	0.955607
5104	0.955607
5105	0.955607
5106	0.955607
5107	0.955607
5108	0.955607
5109	0.955607
5110	0.955607
5111	0.955607
5112	0.955607
5113	0.955607
5114	0.955607
5115	0.955607
5116	0.955607
5117	0.955607
5118	0.955607
5119	0.955607
5120	0.955607
5121	0.955607
5122	0.955607
5123	0.955607
5124	0.955607
5125	0.955607
5126	0.955607
5127	0.955607
5128	0.955607
5129	0.955607
5130	0.955607
5131	0.955607
5132	0.955607
5133	0.955607
5134	0.955607
5135	0.955607
5136	0.955607
5137	0.955607
5138	0.955607
5139	0.955607
5140	0.955607
5141	0.955607
5142	0.955607
5143	0.955607
5144	0.955607
5145	0.955607
5146	0.955607
5147	0.955607
5148	0.955607
5149	0.955607
5150	0.955607
5151	0.955607
5152	0.955607
5153	0.955607
5154	0.955607
5155	0.955607
5156	0.955607
5157	0.955607
5158	0.955607
5159	0.955607
5160	0.955607
5161	0.955607
5162	0.955607
5163	0.955607
5164	0.955607
5165	0.955607
5166	0.955607
5167	0.955607
5168	0.955607
5169	0.955607
5170	0.955607
5171	0.955607
5172	0.955607
5173	0.955607
5174	0.955607
5175	0.955607
5176	0.955607
5177	0.955607
5178	0.955607
5179	0.955607
5180	0.955607
5181	0.955607
5182	0.955607
5183	0.955607
5184	0.955607
5185	0.955607
5186	0.955607
5187	0.955607
5188	0.955607
5189	0.955607
5190	0.955607
5191	0.955607
5192	0.955607
5193	0.955607
5194	0.955607
5195	0.955607
5196	0.955607
5197	0.955607
5198	0.955607
5199	0.955607
5200	0.955607
5201	0.955607
5202	0.955607
5203	0.955607
5204	0.955607
5205	0.955607
5206	0.955607
5207	0.955607
5208	0.955607
5209	0.955607
5210	0.955607
5211	0.955607
5212	0.955607
5213	0.955607
5214	0.955607
5215	0.955607
5216	0.955607
5217	0.955607
5218	0.955607
5219	0.955607
5220	0.955607
5221	0.955607
5222	0.955607
5223	0.955607
5224	0.955607
5225	0.955607
5226	0.955607
5227	0.955607
5228	0.955607
5229	0.955607
5230	0.955607
5231	0.955607
5232	0.955607
5233	0.955607
5234	0.955607
5235	0.955607
5236	0.955607
5237	0.955607
5238	0.955607
5239	0.955607
5240	0.955607
5241	0.955607
5242	0.955607
5243	0.955607
5244	0.955607
5245	0.955607
5246	0.955607
5247	0.955607
5248	0.955607
5249	0.955607
5250	0.955607
5251	0.955607
5252	0.955607
5253	0.955607
5254	0.955607
5255	0.955607
5256	0.955607
5257	0.955607
5258	0.955607
5259	0.955607
5260	0.955607
5261	0.955607
5262	0.955607
5263	0.955607
5264	0.955607
5265	0.955607
5266	0.955607
5267	0.955607
5268	0.955607
5269	0.955607
5270	0.955607
5271	0.955607
5272	0.955607
5273	0.955607
5274	0.955607
5275	0.955607
5276	0.955607
5277	0.955607
5278	0.955607
5279	0.955607
5280	0.955607
5281	0.955607
5282	0.955607
5283	0.955607
5284	0.955607
5285	0.955607
5286	0.955607
5287	0.955607
5288	0.955607
5289	0.955607
5290	0.955607
5291	0.955607
5292	0.955607
5293	0.955607
5294	0.955607
5295	0.955607
5296	0.955607
5297	0.955607
5298	0.955607
5299	0.955607
5300	0.955607
5301	0.955607
5302	0.955607
5303	0.955607
5304	0.955607
5305	0.955607
5306	0.955607
5307	0.955607
5308	0.955607
5309	0.955607
5310	0.955607
5311	0.955607
5312	0.955607
5313	0.955607
5314	0.955607
5315	0.955607
5316	0.955607
5317	0.955607
5318	0.955607
5319	0.955607
5320	0.955607
5321	0.955607
5322	0.955607
5323	0.955607
5324	0.955607
5325	0.955607
5326	0.955607
5327	0.955607
5328	0.955607
5329	0.955607
5330	0.955607
5331	0.955607
5332	0.955607
5333	0.955607
5334	0.955607
5335	0.955607
5336	0.955607
5337	0.955607
5338	0.955607
5339	0.955607
5340	0.955607
5341	0.955607
5342	0.955607
5343	0.955607
5344	0.955607
5345	0.955607
5346	0.955607
5347	0.955607
5348	0.955607
5349	0.955607
5350	0.955607
5351	0.955607
5352	0.955607
5353	0.955607
5354	0.955607
5355	0.955607
5356	0.955607
5357	0.955607
5358	0.955607
5359	0.955607
5360	0.955607
5361	0.955607
5362	0.955607
5363	0.955607
5364	0.955607
5365	0.955607
5366	0.955607
5367	0.955607
5368	0.955607
5369	0.955607
5370	0.955607
5371	0.955607
5372	0.955607
5373	0.955607
5374	0.955607
5375	0.955607
5376	0.955607
5377	0.955607
5378	0.955607
5379	0.955607
5380	0.955607
5381	0.955607
5382	0.955607
5383	0.955607
5384	0.955607
5385	0.955607
5386	0.955607
5387	0.955607
5388	0.955607
5389	0.955607
5390	0.955607
5391	0.955607
5392	0.955607
5393	0.955607
5394	0.955607
5395	0.955607
5396	0.955607
5397	0.955607
5398	0.955607
5399	0.955607
5400	0.955607
5401	0.955607
5402	0.955607
5403	0.955607
5404	0.955607
5405	0.955607
5406	0.955607
5407	0.955607
5408	0.955607
5409	0.955607
5410	0.955607
5411	0.955607
5412	0.955607
5413	0.955607
5414	0.955607
5415	0.955607
5416	0.955607
5417	0.955607
5418	0.955607
5419	0.955607
5420	0.955607
5421	0.955607
5422	0.955607
5423	0.955607
5424	0.955607
5425	0.955607
5426	0.955607
5427	0.955607
5428	0.955607
5429	0.955607
5430	0.955607
5431	0.955607
5432	0.955607
5433	0.955607
5434	0.955607
5435	0.955607
5436	0.955607
5437	0.955607
5438	0.955607
5439	0.955607
5440	0.955607
5441	0.955607
5442	0.955607
5443	0.955607
5444	0.955607
5445	0.955607
5446	0.955607
5447	0.955607
5448	0.955607
5449	0.955607
5450	0.955607
5451	0.955607
5452	0.955607
5453	0.955607
5454	0.955607
5455	0.955607
5456	0.955607
5457	0.955607
5458	0.955607
5459	0.955607
5460	0.955607
5461	0.955607
5462	0.955607
5463	0.955607
5464	0.955607
5465	0.955607
5466	0.955607
5467	0.955607
5468	0.955607
5469	0.955607
5470	0.955607
5471	0.955607
5472	0.955607
5473	0.955607
5474	0.955607
5475	0.955607
5476	0.955607
5477	0.955607
5478	0.955607
5479	0.955607
5480	0.955607
5481	0.955607
5482	0.955607
5483	0.955607
5484	0.955607
5485	0.955607
5486	0.955607
5487	0.955607
5488	0.955607
5489	0.955607
5490	0.955607
5491	0.955607
5492	0.955607
5493	0.955607
5494	0.955607
5495	0.955607
5496	0.955607
5497	0.955607
5498	0.955607
5499	0.955607
5500	0.955607
5501	0.955607
5502	0.955607
5503	0.955607
5504	0.955607
5505	0.955607
5506	0.955607
5507	0.955607
5508	0.955607
5509	0.955607
5510	0.955607
5511	0.955607
5512	0.955607
5513	0.955607
5514	0.955607
5515	0.955607
5516	0.955607
5517	0.955607
5518	0.955607
5519	0.955607
5520	0.955607
5521	0.955607
5522	0.955607
5523	0.955607
5524	0.955607
5525	0.955607
5526	0.955607
5527	0.955607
5528	0.955607
5529	0.955607
5530	0.955607
5531	0.955607
5532	0.955607
5533	0.955607
5534	0.955607
5535	0.955607
5536	0.955607
5537	0.955607
5538	0.955607
5539	0.955607
5540	0.955607
5541	0.955607
5542	0.955607
5543	0.955607
5544	0.955607
5545	0.955607
5546	0.955607
5547	0.955607
5548	0.955607
5549	0.955607
5550	0.955607
5551	0.955607
5552	0.955607
5553	0.955607
5554	0.955607
5555	0.955607
5556	0.955607
5557	0.955607
5558	0.955607
5559	0.955607
5560	0.955607
5561	0.955607
5562	0.955607
5563	0.955607
5564	0.955607
5565	0.955607
5566	0.955607
5567	0.955607
5568	0.955607
5569	0.955607
5570	0.955607
5571	0.955607
5572	0.955607
5573	0.955607
5574	0.955607
5575	0.955607
5576	0.955607
5577	0.955607
5578	0.955607
5579	0.955607
5580	0.955607
5581	0.955607
5582	0.955607
5583	0.955607
5584	0.955607
5585	0.955607
5586	0.955607
5587	0.955607
5588	0.955607
5589	0.955607
5590	0.955607
5591	0.955607
5592	0.955607
5593	0.955607
5594	0.955607
5595	0.955607
5596	0.955607
5597	0.955607
5598	0.955607
5599	0.955607
5600	0.955607
