10000
0.963785
1	1	2	1	1	11110111000010	10001011100101	11111100100101	0	0
1	2	1	1	2	11110011111011	00000000000000	01001001000010	0	0
1	3	2	1	3	01110001011110	10010001001001	01000001000100	0	0
1	4	2	1	4	10100001001110	00011000001101	00011011111011	0	0
1	5	2	2	1	00000010110110	01001110010100	00101010001011	0	0
1	6	1	2	2	10001000101000	10000000000000	00000011010100	0	0
1	7	1	2	3	01101111100101	01000000000000	11000100011011	0	1
1	8	3	2	4	11000010110011	01101101111111	01000100100100	0	1
1	9	2	3	1	10000001011101	11101101101001	11011010111101	0	0
1	10	2	3	2	00100110110001	01110001101111	10001001000000	0	0
1	11	2	3	3	11011110010001	00111011010101	10100011000011	0	0
1	12	2	3	4	00100101110110	11001000011011	00010101001111	0	0
1	13	3	4	1	00010001111011	01111010100000	10000100011111	0	1
1	14	3	4	2	10111010001101	00110010111011	10011110011101	0	0
1	15	2	4	3	00110011011010	10110010010000	10010110110000	0	0
1	16	2	4	4	11110110111111	10101101110110	10100110000000	0	1
1	17	2	5	1	11100011111100	01000001101011	00001001100001	0	0
1	18	1	5	2	11011111011010	11000000000000	10010100100001	0	0
1	19	2	5	3	01111011011011	00011110001001	01110110101010	0	0
1	20	3	5	4	00011100001100	01001010000010	11010000011010	0	0
2	1	1	1	1	11101110001100	00000000000000	11110001001101	0	0
2	2	2	1	2	01101110110011	11011100011111	01101011011101	0	0
2	3	2	1	3	01110000100111	11100100100001	01011111111010	0	1
2	4	1	1	4	11101010101101	10000000000000	00010111101001	0	0
2	5	1	2	1	11110101011101	01000000000000	01011011111111	0	0
2	6	1	2	2	01110010101111	11000000000000	01110110011101	0	0
2	7	3	2	3	00001011010000	00111011000110	10100001111001	0	0
2	8	3	2	4	01100100001110	11010101111110	00111101111001	0	0
2	9	2	3	1	00111010111101	01100101111100	11110001100011	0	0
2	10	3	3	2	01000001100000	10010000101000	11101111100000	0	1
2	11	2	3	3	11100111000000	01000000010110	11111000010011	0	0
2	12	3	3	4	00100101111000	10111111100101	11101110100000	0	0
2	13	2	4	1	11001101110101	01000010110110	11011011001110	0	0
2	14	2	4	2	00001010001001	00101100010001	10110010000111	0	1
2	15	2	4	3	10000100110110	00010111100001	11100100010010	0	0
2	16	2	4	4	01110010000010	00101010000101	10110001100101	0	1
2	17	2	5	1	10000111101011	11101000010110	00001011000001	0	0
2	18	2	5	2	10011010100001	00111101110010	01001101010010	0	0
2	19	2	5	3	01011111000010	00001101111100	00010111001101	0	0
2	20	2	5	4	01101001001000	11111111110011	00011010110000	0	0
3	1	2	1	1	01001010111001	11101101101010	11011001100001	0	0
3	2	2	1	2	00011111110100	11000110000100	11011011101000	0	0
3	3	2	1	3	10100100011100	11110110111110	11010001100010	0	0
3	4	1	1	4	00111011010000	00000000000000	11000110000100	0	0
3	5	2	2	1	11100100110010	00111000110011	00100110110010	0	1
3	6	2	2	2	00011110100101	01000011110010	10101100100101	0	0
3	7	2	2	3	00011101010000	10010000101010	11001010011011	0	0
3	8	3	2	4	00110011011000	00111010011010	00101001011011	0	0
3	9	1	3	1	11100100100100	10000000000000	10101110100010	0	0
3	10	3	3	2	10011100111010	01001010010101	10010101100111	0	0
3	11	1	3	3	00000000010100	01000000000000	00101011100010	0	1
3	12	2	3	4	10000000001011	10010000100110	01111100010101	0	0
3	13	2	4	1	00000101011010	10111000111011	01100100101011	0	0
3	14	2	4	2	11101011001001	00000110001010	10001011101001	0	0
3	15	2	4	3	11100010101110	10101110111100	01111110110011	0	0
3	16	2	4	4	11011000000000	00101101011000	00010101111011	0	1
3	17	3	5	1	00100101010011	01101000001101	01101011101111	0	0
3	18	3	5	2	00001100101110	00010001011010	00001101011010	0	0
3	19	1	5	3	00100001010011	11000000000000	10100110111000	0	1
3	20	2	5	4	11110110111000	00000100111100	11010011000110	0	0
4	1	2	1	1	00111101011000	00000010101010	00100010011101	0	1
4	2	3	1	2	01100000010111	01011001101101	10001000000010	0	0
4	3	2	1	3	11000010001001	11111100101000	01100100111101	0	1
4	4	2	1	4	10010101101000	01010110101000	11000111011110	0	0
4	5	1	2	1	10010110010001	00000000000000	00101000000101	0	0
4	6	3	2	2	11110000000011	10000001001101	10101100001110	0	0
4	7	2	2	3	11011110001110	11110100100011	01111000111100	0	0
4	8	3	2	4	11111011000111	01010111111001	00101110111011	0	0
4	9	2	3	1	10110010001001	00101100100001	11111001101011	0	0
4	10	1	3	2	00111000011110	10000000000000	00111100111100	0	0
4	11	1	3	3	01111011101110	01000000000000	10100111010101	0	0
4	12	2	3	4	01110001001010	11100100100101	00000101100000	0	1
4	13	2	4	1	00110111000111	10110110110000	10111111101101	0	0
4	14	3	4	2	11011011000111	11011110100010	11010110001011	0	0
4	15	2	4	3	11100001010110	01110011101001	00010101100010	0	0
4	16	2	4	4	11001111101101	10110101100101	00010011011111	0	0
4	17	2	5	1	00110111110000	10011000010000	10011010111000	0	1
4	18	2	5	2	01010100010111	01100110001001	01100000101110	0	0
4	19	1	5	3	01110011100111	11000000000000	11001101010001	0	0
4	20	2	5	4	11001000011000	10010001110011	00010001000000	0	0
5	1	2	1	1	01101010001001	10100011111001	01110000111101	0	0
5	2	2	1	2	11010100101110	10110000110101	11011011110001	0	0
5	3	2	1	3	10110001001000	10101010001110	10101010101010	0	0
5	4	2	1	4	00010100011001	00010011101010	11011101001100	0	1
5	5	2	2	1	10011101000001	01101101001000	00101110011100	0	1
5	6	1	2	2	10000111100011	00000000000000	00001101000011	0	0
5	7	1	2	3	10100100001110	10000000000000	01100110110100	0	0
5	8	3	2	4	10001111111001	11010001111011	01000010111110	0	0
5	9	2	3	1	01001111110010	00110011111101	10111011111110	0	1
5	10	2	3	2	11101000010110	01110101010111	11100010101010	0	0
5	11	3	3	3	10101111001100	10000100010011	00110110000111	0	0
5	12	2	3	4	01010101000010	10011110011110	01011001001000	0	0
5	13	2	4	1	00010000001110	11011101010100	00111110100011	0	1
5	14	3	4	2	01011000001100	10000000110010	11101010111101	0	0
5	15	1	4	3	11000110010001	01000000000000	01011100101101	0	0
5	16	2	4	4	01110011111111	00011000000001	00111101000011	0	0
5	17	2	5	1	10101111111101	00010101111111	00110101000111	0	0
5	18	1	5	2	00000101111010	11000000000000	01101111011000	0	0
5	19	2	5	3	00100101001011	11000011110010	00100011010010	0	0
5	20	3	5	4	10100111001110	11010000110001	10111110011101	0	0
6	1	3	1	1	11010110010001	10010101100000	00001101010100	0	0
6	2	3	1	2	01110110010011	10011000100011	01000100001001	0	0
6	3	2	1	3	00110101111010	11100001111001	01111101100000	0	0
6	4	2	1	4	11111100010110	00100010011011	11010100111111	0	0
6	5	2	2	1	11100001001110	10101100101010	01111000111010	0	1
6	6	1	2	2	11010110001011	00000000000000	11000111110101	0	1
6	7	2	2	3	10001101011000	00111101110001	00001110010010	0	0
6	8	2	2	4	00001101000011	00100010100101	01001110000110	0	0
6	9	2	3	1	01110100011010	11010011111101	11101111100101	0	0
6	10	2	3	2	00100100111101	11110111101000	01000110100110	0	0
6	11	2	3	3	00101000101111	10100111001111	10001011011111	0	0
6	12	1	3	4	00100000101010	10000000000000	01100110001111	0	1
6	13	2	4	1	00010010110011	10100111000001	01110010101000	0	0
6	14	1	4	2	00000011000010	01000000000000	11011110100101	0	0
6	15	3	4	3	00100000001110	00010111000101	10110011111000	0	0
6	16	2	4	4	11011001000000	11010111011100	11001010001011	0	1
6	17	2	5	1	00100100011110	01110011110101	01101111101011	0	0
6	18	3	5	2	01100010000101	10011011110011	10100101100111	0	0
6	19	1	5	3	11010111001111	11000000000000	11010101111011	0	0
6	20	2	5	4	01010101111100	10100000100111	10000110101010	0	0
7	1	2	1	1	10111100010100	11001000011110	00100010001111	0	0
7	2	2	1	2	00011010110010	10101001100110	11010010010101	0	0
7	3	2	1	3	11111100110111	00111111101111	11101110110010	0	0
7	4	3	1	4	11001100011011	11100011110111	10001101000110	0	0
7	5	2	2	1	11011010101101	11011111100111	01100101001000	0	0
7	6	2	2	2	01001000101011	00001111111111	11001001011001	0	1
7	7	2	2	3	11010111011010	10101100110111	00001000011111	0	0
7	8	2	2	4	11010101010011	11010111101001	01010101111111	0	1
7	9	2	3	1	00110011011111	00010000111110	11101011001001	0	0
7	10	1	3	2	00111111010011	00000000000000	00001010110101	0	1
7	11	1	3	3	00100101110111	10000000000000	10101100110010	0	0
7	12	2	3	4	00011000010100	11001101110111	10100100100011	0	0
7	13	3	4	1	11110111110000	10010010001010	00000110000001	0	0
7	14	2	4	2	11011011100000	00001101101100	00000011100001	0	0
7	15	1	4	3	00111111010010	01000000000000	00100101101101	0	0
7	16	1	4	4	11010011011100	11000000000000	10011001101101	0	0
7	17	2	5	1	00111101010001	10100010000011	10111111111101	0	1
7	18	2	5	2	00101100110011	01000101010111	11111001111010	0	0
7	19	3	5	3	11101011010000	00100000111001	00100111000100	0	0
7	20	3	5	4	11011101000110	00111111110011	00011101010010	0	0
8	1	1	1	1	01111100001100	00000000000000	11000110001101	0	0
8	2	1	1	2	00100100111000	10000000000000	10111111101011	0	1
8	3	2	1	3	00100111000101	01101111110110	01111101011001	0	0
8	4	2	1	4	00110011001100	10110110000000	11001011111000	0	0
8	5	2	2	1	01100101011100	11101101010101	00110001110011	0	0
8	6	2	2	2	11010000010100	00101011100101	10101111000101	0	0
8	7	2	2	3	01011011011001	00010101110010	01010010011110	0	1
8	8	3	2	4	01001100111011	10100100010110	00101000110111	0	0
8	9	2	3	1	00000100111110	01110110001110	00011011110001	0	0
8	10	2	3	2	00101011011011	10000111100011	11100100000000	0	0
8	11	3	3	3	10110010011001	11001101110001	00001001000111	0	0
8	12	3	3	4	10100110001000	01010110001011	01111011110111	0	0
8	13	2	4	1	10001100000101	10110001001111	00111100011111	0	0
8	14	2	4	2	01010001101101	10010011110111	00011011011100	0	1
8	15	2	4	3	11100101000110	00110100110110	00000100101110	0	0
8	16	2	4	4	10001010101100	00011100000100	11010101001101	0	0
8	17	3	5	1	11010101101100	01010010111110	10101101110011	0	0
8	18	1	5	2	10110110110101	01000000000000	11111010111110	0	0
8	19	2	5	3	00111111111111	10101101010111	11101110011101	0	1
8	20	1	5	4	01001101000101	11000000000000	00111011110100	0	0
9	1	2	1	1	10110001101010	11111101110001	11101010001001	0	0
9	2	3	1	2	10100110011010	01000111000100	10101111110001	0	0
9	3	2	1	3	00100010010111	11100011100100	00010011010011	0	0
9	4	1	1	4	00110110101111	00000000000000	10111101001000	0	0
9	5	1	2	1	00010111000100	10000000000000	00001001100100	0	0
9	6	2	2	2	01100100110011	00100111001011	01101001100100	0	0
9	7	2	2	3	10110000111101	01000111101000	00011111011111	0	1
9	8	2	2	4	11111100100100	11101110011100	10111011110111	0	0
9	9	1	3	1	11010000100010	01000000000000	11001100011110	0	0
9	10	3	3	2	01111001101111	10010001000110	11001101111010	0	1
9	11	3	3	3	10010100011011	11011000010001	01000110111011	0	0
9	12	2	3	4	10110001011101	01111101110001	11101100011111	0	0
9	13	2	4	1	00001011110111	00001011011111	01100011101011	0	1
9	14	2	4	2	00010010001101	01010010100010	10110011001101	0	0
9	15	3	4	3	11010110000010	01111110000010	11101100110111	0	0
9	16	2	4	4	01101011000011	10000111011011	11011000010010	0	0
9	17	2	5	1	01110100000000	10010000110010	00001111001110	0	0
9	18	2	5	2	01010110000110	01001011111010	01010010001110	0	1
9	19	2	5	3	00101100101101	11101101111010	00101000001110	0	0
9	20	1	5	4	10000011000000	11000000000000	00101110010110	0	0
10	1	2	1	1	01100111111111	11111001101110	11100111000010	0	0
10	2	1	1	2	00010101000000	00000000000000	01100000110001	0	0
10	3	1	1	3	11100000101111	10000000000000	00111110111011	0	0
10	4	1	1	4	11110100110111	01000000000000	10001101111011	0	0
10	5	1	2	1	10000100100101	11000000000000	01001011001101	0	0
10	6	3	2	2	01011010010001	01111110011100	01101011001110	0	0
10	7	2	2	3	00000101011111	11101100101100	10001111001111	0	0
10	8	3	2	4	01000101101010	10001100110111	00011011100111	0	0
10	9	2	3	1	00101110101101	11000101101110	11011100100000	0	1
10	10	2	3	2	10100000101010	10011101110000	10100101010101	0	0
10	11	2	3	3	11110111100110	00010111000011	10000011001010	0	1
10	12	3	3	4	00001100111101	11110000011011	10010110101011	0	0
10	13	2	4	1	01000100001100	10011100110111	11100000111001	0	0
10	14	2	4	2	00111111100101	00001011010111	11011010011110	0	0
10	15	2	4	3	11000001100100	01011011000111	11101101001101	0	1
10	16	2	4	4	00000010101101	01110010111111	11111001111010	0	0
10	17	2	5	1	11010101011001	11000011110010	00001000010111	0	0
10	18	2	5	2	01101111100110	01011110100100	00110111001000	0	1
10	19	2	5	3	00111111011111	10000111100110	11010000110110	0	0
10	20	3	5	4	10111101010100	10011011001110	11101000010001	0	0
11	1	2	1	1	00101110001100	10111010100001	11101101100010	0	0
11	2	2	1	2	10000011110011	10010110001110	10011011101010	0	0
11	3	2	1	3	11111111011000	10001110100000	00111100111011	0	0
11	4	1	1	4	11101110110101	10100000001010	11100001001101	0	0
11	5	3	2	1	11000100010100	11001110111100	01011110010110	0	0
11	6	2	2	2	00001000100101	11010111110110	01000001111111	0	0
11	7	2	2	3	01100101001011	01110111100100	01110001100111	0	0
11	8	3	2	4	01110010010010	10010101010011	10010110011111	0	1
11	9	2	3	1	10001110010110	11100011000010	10001110110111	0	0
11	10	3	3	2	10010100111011	01111010000000	11111001001001	0	1
11	11	2	3	3	10000110100010	11011100111010	11011111001101	0	0
11	12	2	3	4	00110011100110	11111010110000	00000100010101	0	0
11	13	1	4	1	10000111000101	11101111011010	00111011101110	0	1
11	14	2	4	2	10000010001001	11111000011110	01001100110011	0	0
11	15	2	4	3	00010100000101	11100000101110	11011101011011	0	0
11	16	1	4	4	11010011100111	00101110001110	01011010011011	0	0
11	17	2	5	1	00000110001100	10110001011000	01100101110111	0	0
11	18	1	5	2	11000110100000	00101000100011	01100100101011	0	1
11	19	3	5	3	01010101110110	01101111011011	11001011111011	0	0
11	20	2	5	4	10100010000100	01010110110001	10000100110110	0	0
12	1	2	1	1	01000011010100	10111001010011	11111100111011	0	0
12	2	2	1	2	00110100000000	00100010011011	00011110110011	0	1
12	3	2	1	3	10111100000100	00010010001000	00001101110000	0	0
12	4	2	1	4	11010001001000	10001000010010	01001001010101	0	1
12	5	2	2	1	10101100000101	01010000111011	11110111111010	0	0
12	6	1	2	2	11111001110110	01000101011011	00010010011100	0	0
12	7	3	2	3	00111110010111	00111000000010	01100110111101	0	0
12	8	2	2	4	10100100011101	10000011101110	00110110101010	0	1
12	9	2	3	1	10010010111101	00100000001001	00110110110110	0	0
12	10	2	3	2	11110101000101	10010011010011	11011011100000	0	0
12	11	3	3	3	00000001111110	11010010101000	11110100101110	0	0
12	12	2	3	4	00101011110010	01010011111001	10110011111000	0	0
12	13	3	4	1	00111011010010	00100111111001	10000110110100	0	0
12	14	3	4	2	10111011010000	00110011001111	01100100011001	0	0
12	15	2	4	3	10101111001001	01000001001000	10111010010000	0	0
12	16	2	4	4	01110011011010	00110111000010	00110010000010	0	0
12	17	1	5	1	01010001001010	00011101001000	11110111111111	0	1
12	18	1	5	2	00011001110111	00110011001101	10100011100101	0	0
12	19	2	5	3	11111101000010	11111000001101	11101110000101	0	0
12	20	1	5	4	00010100100000	11101101010000	10100000110110	0	0
13	1	2	1	1	00101111110101	00001001111000	01100100101100	0	0
13	2	2	1	2	01011011101100	01101010000001	10011101010010	0	0
13	3	2	1	3	11000111011110	00000101110111	01000011110000	0	0
13	4	2	1	4	00100110110011	00011101101110	11010101001011	0	0
13	5	2	2	1	00010101100111	11111100001100	01111100110110	0	0
13	6	2	2	2	01001000011001	10110001100110	01011010111101	0	0
13	7	3	2	3	01110010001001	01001110010110	00110110010100	0	0
13	8	3	2	4	00010000000101	01101001010110	01011111010000	0	1
13	9	2	3	1	00000010010011	11010010001100	11010001011101	0	0
13	10	3	3	2	01110011111101	00111111001001	01000001001010	0	0
13	11	1	3	3	10001000111111	01011001001000	01110101011011	0	0
13	12	1	3	4	11010010001000	00000110111010	10101001101100	0	0
13	13	2	4	1	11110101101000	11011111110000	00011011001111	0	1
13	14	2	4	2	00111010011001	10000010110010	10101101110101	0	1
13	15	2	4	3	01101001011101	10001101111000	00110100110100	0	0
13	16	2	4	4	00111000000001	00111010000111	11110001101111	0	0
13	17	3	5	1	11110110110110	01001110110110	11100111000101	0	0
13	18	2	5	2	10110010101011	01110111111110	11011010000010	0	1
13	19	1	5	3	01111010010110	10110101000110	00011011001111	0	0
13	20	1	5	4	00111111101001	10111111100001	00010101101000	0	0
14	1	1	1	1	11111000101100	01111000000111	11000011100100	0	0
14	2	2	1	2	01001111100111	00010001110001	11100111001101	0	0
14	3	2	1	3	00011100101010	01010001110000	10001101001111	0	0
14	4	2	1	4	00101111010001	01001111110111	00001101001100	0	0
14	5	3	2	1	01111100101000	11100111001001	10010000111101	0	1
14	6	3	2	2	00000000010001	00100011111100	01001010011010	0	0
14	7	3	2	3	10100011001011	01010111001100	11100111111101	0	0
14	8	1	2	4	01010100001010	10100101011011	11111100111110	0	0
14	9	2	3	1	00100101100101	11011010001010	00011111111100	0	0
14	10	2	3	2	00101001011110	00000101101011	00101000011011	0	0
14	11	2	3	3	11000010010000	00000111111100	00000001100011	0	0
14	12	2	3	4	10011010110111	01111011100011	10101110000100	0	0
14	13	2	4	1	11001010010100	01100100011000	10100100110001	0	0
14	14	1	4	2	00110011101010	11100101111111	11100001011100	0	1
14	15	2	4	3	00111001110000	00101010101101	00000111010000	0	1
14	16	3	4	4	01101110010100	00110000110000	00000010011101	0	0
14	17	2	5	1	11011011000110	11010101100100	10101100100101	0	0
14	18	1	5	2	01101001001010	11000100011010	10001110101100	0	0
14	19	2	5	3	11001010011100	11010010011100	01000011000000	0	0
14	20	2	5	4	10111111010111	11111001001111	00100110101110	0	1
15	1	2	1	1	00101100011101	01010010001000	11101101000000	0	0
15	2	2	1	2	10101001011010	11110110001001	11100100001111	0	0
15	3	2	1	3	01000111010101	00000101000011	11111100010101	0	0
15	4	2	1	4	11000001110000	10001100100101	00100100101011	0	1
15	5	2	2	1	10001101010010	10000101101100	00011110101101	0	0
15	6	3	2	2	00011101010001	00100010011111	01110000111101	0	0
15	7	1	2	3	01001000000110	11100001101000	10110100010011	0	0
15	8	3	2	4	00010011100100	01101110110110	00110010111110	0	1
15	9	2	3	1	10000010000111	00010100110001	00110010111100	0	0
15	10	2	3	2	01111111011111	01110000000011	10010101110110	0	1
15	11	3	3	3	01011000010011	11100011100000	11001101001001	0	0
15	12	3	3	4	11100010010011	11000101110110	01101101000101	0	1
15	13	1	4	1	10000011011000	11010111011100	11100110110111	0	0
15	14	2	4	2	11100100100011	11110101110111	11110110010000	0	0
15	15	2	4	3	00110000000001	01000010010000	01011000100000	0	0
15	16	2	4	4	11111000010011	11101101010011	10110111001100	0	0
15	17	1	5	1	11011000111100	00110000010110	01001001111111	0	0
15	18	1	5	2	10010111011001	01000001101110	10011000110001	0	0
15	19	2	5	3	10101110010001	01000010110000	01111010001100	0	0
15	20	2	5	4	10011011011111	11011101010011	10110011101010	0	0
16	1	2	1	1	11110001110100	10011101110000	00010111100101	0	1
16	2	3	1	2	10100101111011	01111110111010	10011000000011	0	0
16	3	1	1	3	10111100000111	00011001011111	00100001001010	0	0
16	4	3	1	4	10000111000110	10110010101000	00111011101100	0	0
16	5	2	2	1	00011001011011	11110001000001	10011110110101	0	0
16	6	3	2	2	00111111101111	00010110100010	11101111000101	0	0
16	7	2	2	3	00010001000111	11111000010110	01100000000000	0	1
16	8	2	2	4	11011001100111	00100011101000	00011110111001	0	0
16	9	2	3	1	01010000010101	00010100111111	00001001011111	0	0
16	10	1	3	2	10000011000010	00011010111001	01010100010111	0	0
16	11	2	3	3	10101011011001	11011111110110	00100000110101	0	0
16	12	2	3	4	01110001000110	11101100111010	01110100001010	0	0
16	13	2	4	1	00101010011111	01100101011000	10101010101110	0	1
16	14	2	4	2	10110111000110	11110000110010	11000101001010	0	0
16	15	1	4	3	01000111100110	10011011111000	11010001100110	0	0
16	16	3	4	4	10001100111001	00001111111010	01110110010001	0	0
16	17	2	5	1	11000111011100	10110011001000	11100001001100	0	0
16	18	2	5	2	01000110001010	01101100100110	00111001001110	0	1
16	19	2	5	3	00110010000010	01110011000111	11010101110101	0	0
16	20	1	5	4	10100001111101	00011100110110	10100000001000	0	0
17	1	2	1	1	10100111100111	01111011101000	01000011100110	0	0
17	2	2	1	2	11100101010000	01001010011010	10111000001111	0	0
17	3	3	1	3	00010101001100	10110010100011	01110011001000	0	1
17	4	2	1	4	00111010110100	11010010101110	10101001011111	0	1
17	5	1	2	1	11111101001101	01000000011001	11001000101110	0	1
17	6	2	2	2	01111001010000	01110101000100	01111000100100	0	0
17	7	3	2	3	01000100001001	01100101100100	10001110100011	0	0
17	8	3	2	4	11111100101101	01101000100101	01010000111100	0	1
17	9	2	3	1	10101010101101	01000001010100	11001000110111	0	0
17	10	2	3	2	01000110110111	00011100100010	11110001111100	0	0
17	11	2	3	3	01110110110000	00110101111101	11011111010011	0	0
17	12	1	3	4	00100110010010	01001010110101	11110110001010	0	0
17	13	1	4	1	01111001101000	00101110001110	11100101000011	0	0
17	14	3	4	2	10111000011100	10100100101000	11011110010010	0	0
17	15	2	4	3	01001110000000	01111010111100	01011011001111	0	0
17	16	2	4	4	11010000110110	11101111101111	10001001000011	0	0
17	17	1	5	1	01011110110001	10101111011100	01110000010111	0	0
17	18	2	5	2	11101101100000	11110001110111	11011011010111	0	0
17	19	2	5	3	11100111000100	10110001101100	10001110101000	0	0
17	20	2	5	4	00000001010011	10111011110111	11100100100100	0	0
18	1	2	1	1	11001110111101	11000010100100	10100101001010	0	0
18	2	2	1	2	01100101011100	11101011101101	10101111010110	0	0
18	3	3	1	3	11000000001000	10101001100100	11110011011111	0	0
18	4	2	1	4	01011110001111	00100100000001	01111100110101	0	0
18	5	2	2	1	01011111011110	10110011110110	11001111010010	0	0
18	6	1	2	2	00111110101000	10100101111011	11111000101011	0	1
18	7	2	2	3	10001000001010	01001001100110	11110011101101	0	0
18	8	1	2	4	01101110101111	00001001100001	11000111100110	0	0
18	9	2	3	1	11110101011000	00111101000010	10010110011101	0	1
18	10	2	3	2	10001111101100	00010001111101	01101001011011	0	0
18	11	2	3	3	11110101101100	10101011100100	00111001110000	0	0
18	12	2	3	4	00001011110000	11100111101011	11011001011001	0	0
18	13	1	4	1	01000011011111	10101001100000	01001011100010	0	1
18	14	2	4	2	10110001100001	00010000000101	10010000101100	0	1
18	15	2	4	3	00011011110011	10010111101001	01011100001011	0	0
18	16	3	4	4	10110010010100	11111100000111	11101011101111	0	0
18	17	2	5	1	00000111011100	10111011111010	11011010000001	0	0
18	18	3	5	2	01101000001110	10100011110100	00110100000100	0	0
18	19	3	5	3	00110010111101	10010011011001	10101111100000	0	0
18	20	1	5	4	01100000110001	01111101000111	01110001111100	0	0
19	1	1	1	1	10101111101000	10000100110000	01110100010101	0	0
19	2	2	1	2	11000100000000	10110000001100	01001111010101	0	0
19	3	1	1	3	11101101011010	10111100101110	01111101010101	0	0
19	4	1	1	4	10111001100100	10100100001001	11101000101010	0	0
19	5	2	2	1	01000100101100	10011000110100	10111010010100	0	0
19	6	3	2	2	11000111111001	10100101010100	10111101011000	0	0
19	7	2	2	3	11100000011011	01010110111000	01011011100010	0	0
19	8	2	2	4	11100010100101	01101001111100	01000001101000	0	1
19	9	3	3	1	00011101011101	00000100000011	00001110010100	0	1
19	10	2	3	2	11000000111010	01101101110101	01010101101001	0	0
19	11	3	3	3	01001110101110	00100001001111	11100101100110	0	0
19	12	2	3	4	10001110011110	01110001101000	11001111001110	0	0
19	13	2	4	1	01101110010010	01011100010010	11011010110011	0	0
19	14	2	4	2	01101001101111	01001011010110	00101100001010	0	1
19	15	2	4	3	11001001110000	01001010110110	00000110101000	0	0
19	16	2	4	4	11100111001110	01100100111010	01001011110110	0	0
19	17	2	5	1	01011000001111	00111101111111	11100111100000	0	0
19	18	2	5	2	11000011101111	11001000000001	10111110000011	0	0
19	19	1	5	3	00001111111010	10001010010011	00100011000101	0	1
19	20	3	5	4	10101100010011	01111001100111	10000011100000	0	0
20	1	2	1	1	10001111001001	11010011000100	00101110010110	1	0
20	2	2	1	2	11110111100100	11100010111000	01111000010001	0	0
20	3	2	1	3	11111101000100	00100100111001	00010101111100	1	0
20	4	2	1	4	00111101110011	00111010100000	11110001000101	0	1
20	5	2	1	5	01110010001000	10110011101110	01101100011010	0	1
20	6	2	2	1	01111010010000	01001110100010	10010101110001	0	0
20	7	2	2	2	01010100011010	11101011001001	11110010010110	0	0
20	8	2	2	3	01000000110101	11001010110100	10110001001100	0	0
20	9	2	2	4	10101011100010	10000010100101	00110110101111	0	0
20	10	1	2	5	11000000110110	10101011000011	00011111000110	0	1
20	11	1	3	1	11001001000100	10011110110101	10001100101110	0	0
20	12	1	3	2	01010010010100	11000010111001	11000101010010	0	0
20	13	2	3	3	00001101000000	10010110001100	00011111101100	0	0
20	14	2	3	4	00111011000010	11001111101001	01101001100001	0	1
20	15	3	3	5	01111111010110	00100110111100	10111111100001	0	0
20	16	3	4	1	11101110010111	00111101001011	11000110111010	0	0
20	17	3	4	2	00010000001000	10000100000111	01110110101010	0	1
20	18	2	4	3	11010111100011	01110001001101	00001111100110	0	0
20	19	2	4	4	00001101001110	10011100011010	10101110100000	1	0
20	20	2	4	5	11111110111010	00000001011100	01010100100101	0	0
20	21	2	5	1	00010100100010	00011111010011	00111010100011	0	1
20	22	1	5	2	01110001110010	01101010000101	01011100001110	0	1
20	23	2	5	3	01011110110001	10111011000110	11101101001111	1	1
20	24	3	5	4	00100011100110	11110000100110	11111111110110	0	0
20	25	2	5	5	00111100011101	10000010111100	01110011001001	1	0
