14000
0.96729
1	1	1	1	1	11000101110011	00000000000000	10111110111110	0	1
1	2	2	1	2	10101010001000	10001010101000	10011001101111	0	1
1	3	2	1	3	01101111100001	11001110011110	01011000001010	0	0
1	4	2	1	4	10011011110111	01010011111000	01100001001001	0	0
1	5	3	2	1	01010001011101	01001000001111	01100010111110	0	0
1	6	2	2	2	00000001010010	10110000010000	11001010100011	0	1
1	7	2	2	3	11101111011000	11111011001110	10110101100101	0	0
1	8	3	2	4	00101100111101	01101100111010	00101010001001	0	0
1	9	2	3	1	00010100101001	01001011111000	10000001011111	0	0
1	10	2	3	2	01001011100011	00101000010100	11010100100001	0	0
1	11	3	3	3	10010111100110	00101110001001	01111111001011	0	0
1	12	2	3	4	01000110100000	11110100111011	01001000110000	0	0
1	13	1	4	1	00001011100110	10000000000000	11110111110110	0	0
1	14	2	4	2	11101100101111	10101010100110	01000111101110	0	0
1	15	3	4	3	00001001110101	10110110000010	00000011000010	0	0
1	16	1	4	4	01101101111011	01000000000000	01001110111001	0	1
1	17	2	5	1	00100111100000	10011110011110	10011100101000	0	0
1	18	1	5	2	11000101111110	11000000000000	00101011110110	0	0
1	19	2	5	3	10000111010111	00001111000101	01111100010100	0	0
1	20	2	5	4	01011011000010	11011100001000	00011110011011	0	0
2	1	1	1	1	11000101000000	00000000000000	10000101110110	0	0
2	2	2	1	2	10001110110110	10011000011010	01010111100001	0	0
2	3	2	1	3	01110001101011	11111001000001	11110010011001	0	0
2	4	2	1	4	11100011000100	10101101101010	11000111100000	0	0
2	5	3	2	1	00110110100011	01101110011111	00000011010110	0	0
2	6	1	2	2	00011010010000	10000000000000	11000010100011	0	1
2	7	3	2	3	01010111111011	11010110000000	00000011110100	0	0
2	8	2	2	4	11011010110100	11110000001010	00001000010011	0	0
2	9	3	3	1	10101011001110	11101111000101	00111001001000	0	0
2	10	2	3	2	10110001000101	10110101110101	11110111101111	0	1
2	11	1	3	3	01111000111111	01000000000000	10110110110100	0	0
2	12	2	3	4	00110011011111	01100100110110	01011011110100	0	0
2	13	2	4	1	00101011000110	00001000010111	11111000111110	0	0
2	14	2	4	2	00001010000101	00110000010110	01101011001110	0	0
2	15	2	4	3	11110111011110	01111110001100	11111101100111	0	0
2	16	1	4	4	10010101101111	11000000000000	10011101111010	0	0
2	17	2	5	1	11111101111001	10011111001001	11100110100011	0	1
2	18	2	5	2	10100000011111	01000100011011	01110000110111	0	1
2	19	2	5	3	00000001000011	11100001011011	10010101101110	0	0
2	20	3	5	4	10110010100111	11011111100100	11110000100111	0	0
3	1	2	1	1	10111001011010	00100110001010	01001011011111	0	0
3	2	1	1	2	00001101111010	00000000000000	01001110011001	0	0
3	3	2	1	3	00001000111111	00000010010111	00000001100000	0	0
3	4	2	1	4	11010101101011	11011100010101	01001001010101	0	0
3	5	2	2	1	00000010001011	01011101100100	01111100100010	0	0
3	6	3	2	2	00010011110010	10011010011110	00101101001111	0	0
3	7	2	2	3	11011000111111	00111100111110	10000110001010	0	0
3	8	2	2	4	11111010000000	10001100011101	10101100000001	0	0
3	9	2	3	1	01010010010000	10100001100011	11100110101101	0	1
3	10	1	3	2	01000001111001	10000000000000	11101100011110	0	0
3	11	3	3	3	11101101100101	00110000001100	00110001000010	0	1
3	12	3	3	4	00001011001000	00110101000001	11110011010010	0	1
3	13	2	4	1	10100011101101	11010011101100	01101011001000	0	0
3	14	3	4	2	00100011011111	00010011000010	11011011011011	0	0
3	15	2	4	3	11110100011111	11111111001101	00101110010010	0	0
3	16	2	4	4	11011010001010	00110111000100	10101011110001	0	0
3	17	2	5	1	01101100101001	01011110100100	00100010110101	0	0
3	18	2	5	2	00111101010100	11010000111000	10100010111101	0	0
3	19	1	5	3	11101111100010	01000000000000	11111110011110	0	1
3	20	1	5	4	01110001011000	11000000000000	01011100111000	0	0
4	1	3	1	1	11000111011111	01100100000000	00011001111011	0	1
4	2	3	1	2	01100001100000	10100010010010	11101100110001	0	0
4	3	1	1	3	01011011111000	00000000000000	00111101111000	0	1
4	4	2	1	4	01110101000101	10100000000010	11101111101010	0	0
4	5	3	2	1	10101011101011	10010110011011	10111101110101	0	1
4	6	1	2	2	00011000011000	10000000000000	11000001000111	0	0
4	7	2	2	3	11111110110101	10101111111000	00001011011010	0	0
4	8	2	2	4	00011000101110	01001101000001	00011011100110	0	1
4	9	2	3	1	11000101100111	10100101110010	01100111010110	0	0
4	10	3	3	2	00101111010011	01000011111010	10011000111010	0	0
4	11	1	3	3	01000000010100	01000000000000	11100010100011	0	0
4	12	2	3	4	11011100010100	01000011100010	10110101111010	0	0
4	13	2	4	1	00101001101011	00100001111110	01100100110010	0	0
4	14	2	4	2	11001011100111	01100100011011	00100010010100	0	0
4	15	1	4	3	01010001001001	11000000000000	00010100011101	0	0
4	16	2	4	4	01100001011011	01010010100100	11111100001100	0	0
4	17	2	5	1	01111110100110	01011000001101	11000010010011	0	0
4	18	2	5	2	01001000000101	11011110100000	00110100001000	0	0
4	19	2	5	3	11111101001100	01000110100100	00111001111100	0	0
4	20	2	5	4	10010010011001	10001110110111	01000010110100	0	0
5	1	2	1	1	00110111011100	01101101011000	01111110000001	0	0
5	2	2	1	2	11110100111001	11111001011100	00101010101010	0	1
5	3	2	1	3	01010010110001	10011001000000	00001100100100	0	0
5	4	2	1	4	11110010001100	01001101101100	00101011000101	0	0
5	5	2	2	1	01100101111100	00000001010000	10010100111101	0	0
5	6	1	2	2	10111001100010	00000000000000	00110000001000	0	0
5	7	2	2	3	10010111111101	11111111101111	11001111100101	0	0
5	8	2	2	4	01001110000010	01010001101101	00110100101101	0	0
5	9	1	3	1	00110110000011	10000000000000	00011001010000	0	0
5	10	3	3	2	01110100110010	10000101101111	00000100001111	0	1
5	11	3	3	3	01010101000001	11011010010010	00001100011110	0	0
5	12	2	3	4	10011101001000	10000001001100	11101011010101	0	0
5	13	3	4	1	11100111110011	11110101111111	10011101100110	0	0
5	14	3	4	2	00001001010011	01001011010101	00011000101001	0	1
5	15	2	4	3	11100011110100	01101010101011	00010110001110	0	0
5	16	1	4	4	10010111100101	01000000000000	00100010110110	0	1
5	17	2	5	1	10111111011010	00110011010001	10100000001010	0	0
5	18	2	5	2	11000111000110	00111011001100	11101001010100	0	0
5	19	2	5	3	10001111011010	01011110100100	00011001000000	0	0
5	20	1	5	4	00011011101111	11000000000000	11110110111101	0	0
6	1	2	1	1	01100101110010	10110111000000	10011101010011	0	0
6	2	3	1	2	11100110011010	00001100101001	11101011110110	0	0
6	3	2	1	3	00001011010010	01101011010010	00011000101001	0	0
6	4	2	1	4	10101100111001	00000000000011	01111010110100	0	1
6	5	2	2	1	10000101000001	01111001110100	11010100101000	0	0
6	6	2	2	2	10100010101110	11000001010100	11110000101110	0	0
6	7	1	2	3	00010100111111	00000000000000	10001001001001	0	1
6	8	2	2	4	01011001101100	00101110010110	00011101110010	0	0
6	9	2	3	1	11011101001100	10110010010100	01010111011001	0	0
6	10	1	3	2	00010111100101	10000000000000	00100101111100	0	1
6	11	2	3	3	00101101011100	00111111001101	10000001011010	0	0
6	12	2	3	4	11100001100100	11100000111111	01111110001101	0	0
6	13	2	4	1	11101110000010	10011001000001	00010011100111	0	0
6	14	1	4	2	10100011010100	01000000000000	00110110000010	0	0
6	15	2	4	3	00001100000001	11101100000010	11110111110100	0	0
6	16	1	4	4	11100110010101	11000000000000	10010011010101	0	1
6	17	3	5	1	11101000001001	01110001000010	00001010100110	0	0
6	18	3	5	2	01010101011100	00001100111010	00001001011010	0	0
6	19	3	5	3	01100100001000	11011001100110	01111001011001	0	0
6	20	2	5	4	10010100100001	10101110010000	00101110100010	0	0
7	1	3	1	1	10001101000101	00111100100001	00011011101001	0	0
7	2	2	1	2	11101101101010	00110011001110	10011011110001	0	0
7	3	2	1	3	11111010001111	01100100110100	01111001110010	0	1
7	4	2	1	4	10010111000110	11010011011011	10011111001100	0	0
7	5	3	2	1	10000011010111	01010100100100	10111000010011	0	0
7	6	1	2	2	10011010010000	00000000000000	01000000011110	0	0
7	7	2	2	3	01001111111101	00100101000010	11100001100111	0	0
7	8	3	2	4	10010110001111	10101111011000	11001110010111	0	0
7	9	2	3	1	11001100000111	00011110110100	00110010000100	0	0
7	10	2	3	2	01100010000101	11110011001000	11100111001100	0	0
7	11	2	3	3	01111111000110	00010000001000	01010111101110	0	1
7	12	2	3	4	00001111011110	11010000111100	01111111100110	0	0
7	13	2	4	1	01111110110111	00011101111011	00110000000111	0	1
7	14	2	4	2	11110100000000	01010101100001	10101100010110	0	0
7	15	1	4	3	01111000011100	10000000000000	00000100111101	0	0
7	16	1	4	4	01101100001110	01000000000000	01000100011010	0	0
7	17	2	5	1	11110100011111	00011000001110	01001101011101	0	1
7	18	2	5	2	11111100110101	10110111000010	01101001011100	0	0
7	19	3	5	3	00001001001001	10100100001011	10111011000111	0	0
7	20	1	5	4	00111110011111	11000000000000	01110101101110	0	0
8	1	2	1	1	11010001001100	11110101000000	00001110011000	0	1
8	2	2	1	2	11000100111001	10010111001001	00111011100010	0	0
8	3	3	1	3	01100110010000	10111011101100	11110100110100	0	1
8	4	2	1	4	00000010101001	01100000011101	10101100110110	0	0
8	5	2	2	1	11000110011110	01000111101100	01011010001000	0	0
8	6	2	2	2	01101101010011	11110011010010	10110011011111	0	0
8	7	2	2	3	11110100100100	00001100001001	01001101010101	0	0
8	8	2	2	4	00001000011001	11101010010001	01000100100111	0	0
8	9	2	3	1	10110110100101	00011001110101	01000100101111	0	0
8	10	2	3	2	10011100010111	11110110011101	11100100010010	0	0
8	11	3	3	3	11000010011111	10010011110100	01010101001000	0	0
8	12	3	3	4	11010110011010	10100000001000	01100011000010	0	1
8	13	2	4	1	01101101001111	01001011010010	01001110101100	0	0
8	14	1	4	2	01010110111111	00000000000000	10111110101011	0	1
8	15	1	4	3	00101111110100	10000000000000	00110110010111	0	0
8	16	1	4	4	10111101000110	01000000000000	11110011001111	0	0
8	17	2	5	1	10001111010100	01011101110011	11010000101000	0	0
8	18	1	5	2	11001001000000	11000000000000	01111101101111	0	0
8	19	2	5	3	01111100111100	10100011100001	01100011111000	0	0
8	20	3	5	4	00011001001111	00001010011101	00001001000101	0	0
9	1	2	1	1	11000011100000	11100111110010	00110100100101	0	0
9	2	1	1	2	10011001011111	00000000000000	11111001101010	0	0
9	3	1	1	3	10100011100010	10000000000000	00101100001101	0	0
9	4	2	1	4	01110110011001	11001101110010	10000000101001	0	0
9	5	2	2	1	11111010111101	10110001011010	00100000000101	0	0
9	6	2	2	2	11110010101111	11000001000010	11101100000001	0	1
9	7	2	2	3	10110010001000	10110110110010	10011011100110	0	1
9	8	2	2	4	10011101111111	00011001101000	01111101011010	0	0
9	9	2	3	1	01000110111011	10001101010101	01000000111110	0	0
9	10	2	3	2	00110000111001	00101111101100	01000100111100	0	1
9	11	2	3	3	11000000100011	00110100100101	11011111000001	0	1
9	12	1	3	4	01001010010110	01000000000000	10110011001101	0	0
9	13	2	4	1	10110101000011	00000100001110	00111110000000	0	0
9	14	3	4	2	01001111011010	10001110111110	01101011101010	0	0
9	15	1	4	3	11000100011100	11000000000000	00100011101110	0	0
9	16	3	4	4	00101110000010	11110110100110	01001000100000	0	0
9	17	2	5	1	11101010110000	10100111101010	11110001010111	0	0
9	18	2	5	2	00100101110010	11010001000101	10100000111010	0	0
9	19	3	5	3	11010000011100	01001011100011	10010110011001	0	0
9	20	3	5	4	00000010010111	00000001111101	00110110110100	0	0
10	1	2	1	1	00111111110100	10111010001011	11110011010011	0	0
10	2	2	1	2	10111001011010	10010011100110	11101110010010	0	0
10	3	2	1	3	01010111001010	10000101011100	10111000000100	0	0
10	4	2	1	4	10011010110000	10100001000011	00001000100001	0	0
10	5	2	2	1	00110011110111	00111000100001	01111000010110	0	0
10	6	2	2	2	10000111100001	10100110111111	10111101000000	0	0
10	7	3	2	3	11000011100101	01100110000111	00001101000111	0	1
10	8	1	2	4	11100111001111	00000000000000	11111011001001	0	0
10	9	1	3	1	11011011001101	10000000000000	10010110001011	0	0
10	10	2	3	2	10101101001010	00001000000001	00010010110101	0	0
10	11	2	3	3	01111011010111	11000100001110	11011111110011	0	0
10	12	3	3	4	11010111110100	10100000101011	00010001001010	0	0
10	13	2	4	1	11101010101100	01111101000010	10101101000111	0	0
10	14	1	4	2	00000101100110	01000000000000	01011111000111	0	1
10	15	3	4	3	10010011100100	00000110110001	11110110110101	0	0
10	16	2	4	4	01001000111011	01101111011101	00001001100011	0	1
10	17	2	5	1	01110011011000	01001000101000	01011110111111	0	0
10	18	2	5	2	00100011001010	11001100110011	01110010001111	0	1
10	19	3	5	3	01110100000111	11010000011111	00101101101010	0	0
10	20	1	5	4	00000111100110	11000000000000	00111001011011	0	0
11	1	2	1	1	11111110101001	10100000010010	11111000011100	0	0
11	2	2	1	2	01001101110111	01011010100000	10000000101111	0	0
11	3	1	1	3	00011101000010	00000000000000	00111001101010	0	0
11	4	3	1	4	01111100100011	00111100011110	00111111001101	0	0
11	5	2	2	1	01011111110001	00111100101110	00101010110100	0	0
11	6	2	2	2	00001000110111	00110000101001	00000110110110	0	0
11	7	2	2	3	10101011010101	11101011110110	11101000001100	0	1
11	8	1	2	4	10111010101011	10000000000000	10010111100010	0	0
11	9	1	3	1	00100001101101	01000000000000	11010010011100	0	0
11	10	3	3	2	11100110010001	00101101010010	01001101111111	0	0
11	11	1	3	3	00000001100110	11000000000000	11001110010100	0	0
11	12	2	3	4	10101000010000	10111011011101	11110101111010	0	0
11	13	2	4	1	00100010111110	10100001011100	00111000111010	0	0
11	14	2	4	2	10011110000000	10101001000100	10011001101010	0	0
11	15	2	4	3	11000010111111	11011110011000	10000001011111	0	1
11	16	3	4	4	01101101000000	01010001110111	10101010110001	0	1
11	17	2	5	1	11011001100111	00000110100011	10111101111111	0	0
11	18	3	5	2	00100111011010	01110011111010	01001001110001	0	0
11	19	2	5	3	10100001000101	11001101011100	11110010110101	0	0
11	20	2	5	4	01110011101100	10111011000110	11110101110100	0	1
12	1	2	1	1	11010010101001	11101011110101	01010101011111	0	1
12	2	3	1	2	00100110110111	01010000010010	00101000110100	0	0
12	3	1	1	3	01001011100111	00000000000000	11011000010101	0	0
12	4	2	1	4	11110011110101	01011000000101	01111001110100	0	0
12	5	3	2	1	00111011111010	10011000101100	10100111010111	0	0
12	6	2	2	2	01111101001110	11100011011011	11001111010000	0	0
12	7	2	2	3	10011101010011	01011110100001	11111001101100	0	0
12	8	2	2	4	11010011000111	00110011001100	01010101001110	0	1
12	9	2	3	1	10100000100010	11010010000001	10110100101111	0	0
12	10	2	3	2	01010101100010	00000111100010	10100101110110	0	0
12	11	1	3	3	10001000101110	10000000000000	00010011101110	0	0
12	12	2	3	4	11011110010101	00000101000011	11111001000011	0	0
12	13	2	4	1	00110101011001	11010111111010	11000110000001	0	0
12	14	1	4	2	00001001010101	01000000000000	10000001111101	0	1
12	15	3	4	3	00000011100110	00000110010100	10110000010110	0	0
12	16	3	4	4	11111101001000	10011011111100	10110110000100	0	0
12	17	2	5	1	10011110111111	00111000110100	01011000000101	0	0
12	18	2	5	2	11001100011101	01010001011110	00111111110111	0	0
12	19	2	5	3	01011110000100	01110011000000	00110000110001	0	1
12	20	1	5	4	00000111111010	11000000000000	11100110101001	0	0
13	1	2	1	1	01100011110111	10011010011110	01011000001101	0	0
13	2	3	1	2	00100101100110	01000100000100	00111010000010	0	1
13	3	2	1	3	10011111000001	11010000010000	00111000100011	0	0
13	4	1	1	4	00010100111010	00000000000000	00100011101101	0	0
13	5	2	2	1	10010010000010	10111010000101	10010011110100	0	0
13	6	1	2	2	11110010000011	10000000000000	11110110101000	0	1
13	7	2	2	3	11100100110010	00111001111011	00001011001000	0	0
13	8	2	2	4	10010111101111	01000110010011	11000001111110	0	0
13	9	3	3	1	10010000101111	00010100000000	00101010001111	0	0
13	10	2	3	2	11101000011110	10000010111011	10101100110000	0	0
13	11	2	3	3	01001110010000	11001000000100	10111001100000	0	0
13	12	3	3	4	10010100010111	01001001011000	00101000100101	0	0
13	13	2	4	1	10011010000100	00100001101001	01111010010110	0	1
13	14	2	4	2	01010000000001	01001101100100	00010011011100	0	0
13	15	2	4	3	01101101101001	10111101111011	01101011011110	0	0
13	16	2	4	4	11101011000010	11010010000010	00101101111110	0	0
13	17	1	5	1	00010000001111	01000000000000	00010111010011	0	0
13	18	2	5	2	11110010000001	11100001101111	00111100111010	0	0
13	19	1	5	3	00000001011100	11000000000000	10111000111010	0	1
13	20	3	5	4	01101100110010	11010001000110	10110111011110	0	0
14	1	3	1	1	11010010010010	11010010000111	10000101010010	0	0
14	2	2	1	2	01101011001100	10111101100111	00100000011110	0	1
14	3	2	1	3	11111010000110	01010011100111	10111011011100	0	0
14	4	2	1	4	01111100011101	00011101111011	01100101101110	0	0
14	5	2	2	1	00010001100110	11011110000011	10111010100000	0	0
14	6	2	2	2	11011001011001	01010111111110	10001101010110	0	0
14	7	1	2	3	11101000111101	00000000000000	11000011011100	0	0
14	8	3	2	4	10011001110000	11000101100100	10011000111010	0	0
14	9	2	3	1	00011110011000	10000110010111	00010110000100	0	0
14	10	2	3	2	01100111101011	00011001101001	11000110011000	0	1
14	11	2	3	3	11011110011011	10110010110000	10101010001000	0	0
14	12	1	3	4	01110000100000	10000000000000	11101111100001	0	0
14	13	2	4	1	00010011101011	00110111010010	00100011110110	0	1
14	14	1	4	2	10011101101000	01000000000000	10101010000111	0	1
14	15	3	4	3	01101011010100	11101100011110	01100010100010	0	0
14	16	2	4	4	00000110010110	10110111011110	01101011001110	0	0
14	17	2	5	1	10110000101001	11011011101001	10000001001101	0	0
14	18	2	5	2	11011101010010	10001000010010	11001111000101	0	0
14	19	3	5	3	01000100100001	00110110111011	10100101001101	0	0
14	20	1	5	4	10111100000111	11000000000000	11000000101101	0	0
15	1	2	1	1	11100111111100	10010111111000	11000001111000	0	0
15	2	2	1	2	10110000100100	10110011110101	01011111110000	0	0
15	3	2	1	3	00100010100000	10100101001010	10000111111100	0	0
15	4	2	1	4	00000110101101	01111100000110	11110000011011	0	0
15	5	2	2	1	00001100101000	00110100010100	01010000101011	0	1
15	6	1	2	2	01101011000011	00000000000000	10000011110100	0	0
15	7	3	2	3	01100110101010	01010010000000	10111111011101	0	0
15	8	2	2	4	11100010111110	01101110110111	00110110110111	0	0
15	9	1	3	1	11110110110111	10000000000000	01100001110001	0	1
15	10	3	3	2	01111010011100	10101010100111	10000101010101	0	0
15	11	2	3	3	11001011101000	00000111110101	11110010110100	0	0
15	12	2	3	4	10100001001001	11010000111100	11111100101010	0	0
15	13	2	4	1	11000100111111	00101100111000	01000010101010	0	0
15	14	2	4	2	01011010110110	01000010111010	01010100110111	0	1
15	15	3	4	3	01110000000000	11011010011010	10011100110001	0	0
15	16	1	4	4	10010011010000	01000000000000	11101110110101	0	0
15	17	1	5	1	10111101001101	11000000000000	00010101111101	0	0
15	18	2	5	2	10101101100001	10110011010111	10111011000000	0	0
15	19	3	5	3	11000110001100	10010011000100	01000111100100	0	1
15	20	2	5	4	01110100111000	11010100110101	11010011111001	0	0
16	1	2	1	1	00011101010101	10010101001011	11101100100100	0	0
16	2	2	1	2	00111010101011	00110011010001	11111010011011	0	1
16	3	3	1	3	10100010100110	01001011111001	11111101111001	0	0
16	4	2	1	4	10100100111010	00111100011110	10000001110100	0	0
16	5	2	2	1	01101000001000	11100101001000	10101111111010	0	0
16	6	2	2	2	10111100000101	00100001111110	00011111111011	0	0
16	7	3	2	3	10101110111000	01110110001000	00110100000101	0	0
16	8	2	2	4	10000001001101	11110110111111	11010110111101	0	1
16	9	2	3	1	10111101110111	11111000101001	11011001111001	0	0
16	10	2	3	2	10010110000011	10111011011100	00011111001101	0	0
16	11	1	3	3	11000000001111	00000000000000	10110001101010	0	1
16	12	2	3	4	00001010011010	10011100011101	11100111011111	0	0
16	13	1	4	1	01111000011001	10000000000000	00001110000101	0	0
16	14	1	4	2	10100101110100	01000000000000	11000110101001	0	0
16	15	2	4	3	10000010101110	00111111000000	00010001111110	0	0
16	16	1	4	4	11111101000011	11000000000000	10000011001101	0	0
16	17	3	5	1	11011000110001	00100100100010	00010110100001	0	1
16	18	3	5	2	01111011000010	01110100101100	10101001110000	0	0
16	19	2	5	3	01110111001101	10011101101000	00100111011000	0	0
16	20	2	5	4	00110110110011	10010001011001	01101100011010	0	0
17	1	2	1	1	00001010011111	00001011111010	10110111000011	0	0
17	2	2	1	2	11000110000111	00001001011111	00110011001000	0	0
17	3	3	1	3	10000001101011	00111010111000	01010011010011	0	0
17	4	2	1	4	11010101000100	01011011000010	11111100011000	0	0
17	5	2	2	1	10101101111111	10111111000010	01110011000100	0	0
17	6	2	2	2	11101001011001	10011100100100	01001101011011	0	0
17	7	2	2	3	11100011011000	00001000111101	00000001010101	0	1
17	8	1	2	4	10011111011101	00000000000000	11101000001100	0	0
17	9	2	3	1	11011100100110	10111100000010	10110000011011	0	0
17	10	2	3	2	00001100010100	11100101010111	10001001010011	0	1
17	11	2	3	3	00111000001001	11010111010000	00010111101010	0	1
17	12	2	3	4	01100101110011	11001110000111	10000111000011	0	0
17	13	2	4	1	00010011110101	01000101011111	01000111101000	0	0
17	14	1	4	2	11011011010101	10000000000000	11000001000111	0	0
17	15	3	4	3	10001001010001	01011100001110	00010001110001	0	0
17	16	1	4	4	01100100011011	01000000000000	00010011011011	0	0
17	17	2	5	1	01100001101111	11001100111101	10100001000110	0	0
17	18	3	5	2	11000011111101	11111110011001	10101110101100	0	0
17	19	3	5	3	11011001001100	00001001101111	10101110011100	0	1
17	20	1	5	4	11010110100011	11000000000000	10111110111101	0	0
18	1	3	1	1	10100001000100	10010111001101	01100011101101	0	1
18	2	1	1	2	01100110000101	00000000000000	01101101000010	0	0
18	3	1	1	3	01011001011010	10000000000000	10100001101110	0	0
18	4	2	1	4	11101010101110	00111100000111	01000011110101	0	1
18	5	3	2	1	11100011001111	11010011111101	00100011001111	0	0
18	6	2	2	2	11101011001010	10011101110110	11000110001111	0	0
18	7	3	2	3	01101111010001	11000000000001	01010110010100	0	0
18	8	2	2	4	01001111010110	11100111111011	11011111001110	0	0
18	9	2	3	1	10100101010101	11011100110001	00010100010111	0	0
18	10	1	3	2	11001000100001	01000000000000	10010011001011	0	0
18	11	3	3	3	10111111111101	01111110111001	00101100101110	0	0
18	12	2	3	4	00001010010100	10001000001111	11000100101101	0	1
18	13	2	4	1	11000100011101	01111111001001	00000010000011	0	0
18	14	2	4	2	00110000000001	11110001100110	10001001111001	0	0
18	15	2	4	3	10001101011101	01100101000101	00110010111110	0	0
18	16	2	4	4	01111010101001	10001100111110	11001111011111	0	0
18	17	2	5	1	10111010110111	00011000000101	01000101010111	0	0
18	18	1	5	2	11001000010110	11000000000000	01111111011000	0	0
18	19	2	5	3	00011011110100	11100011110101	00011111010101	0	0
18	20	2	5	4	01010000100010	10101111010111	01001000001110	0	1
19	1	2	1	1	00010101111001	10001000011100	01110101100001	0	0
19	2	2	1	2	00001111000111	11100110110011	11000100100010	0	0
19	3	2	1	3	10101000111001	10100001010101	10001101100111	0	1
19	4	1	1	4	00100001111111	00000000000000	01111101100010	0	0
19	5	3	2	1	01110101010010	10110101111100	01100111101101	0	0
19	6	1	2	2	01110111110100	10000000000000	01100100111001	0	0
19	7	2	2	3	01011001000101	01111101111111	10000001101110	0	0
19	8	3	2	4	11111100111010	10110101001001	11000101100011	0	1
19	9	2	3	1	00101011000000	01100110111111	11111110110100	0	1
19	10	3	3	2	00001000001110	00011110011101	10100100101000	0	0
19	11	2	3	3	01101011000111	00010000100011	11010011011110	0	0
19	12	2	3	4	00111100000001	10010010011101	01101011001011	0	0
19	13	2	4	1	01110001001110	00111001000110	01011100010011	0	0
19	14	2	4	2	01110101010011	01011100100101	11101000000101	0	1
19	15	3	4	3	00111011101111	00101000100000	00101010000101	0	0
19	16	2	4	4	01100111100110	01011000110000	10111101100011	0	0
19	17	2	5	1	11001011001000	10111100001111	00101010010001	0	0
19	18	1	5	2	00011011001101	01000000000000	11000000001001	0	0
19	19	1	5	3	11011000101000	11000000000000	01101011010111	0	0
19	20	2	5	4	00111010111100	10111111011110	01111100101101	0	0
20	1	2	1	1	00110100000001	10001110101110	00101010000100	0	0
20	2	2	1	2	00101010111110	01011001111101	10111101110000	0	0
20	3	3	1	3	00000011100110	00010110101101	10001000111010	0	1
20	4	2	1	4	10110000001010	11000010111011	11001101111101	0	1
20	5	2	2	1	01100001101110	11100000110011	00100000100100	0	0
20	6	2	2	2	00000111111000	00110100001011	10100111101010	0	0
20	7	2	2	3	01001011011011	11111110111101	10100100001101	0	0
20	8	1	2	4	10110011000110	00000000000000	01001010000010	0	0
20	9	2	3	1	00011101011101	10111111100011	01000000100001	0	0
20	10	3	3	2	11110111000000	01101000101111	00010001010000	0	0
20	11	2	3	3	10010001010001	01111010010001	10111001101111	0	0
20	12	1	3	4	00000011011101	10000000000000	10011110000011	0	0
20	13	1	4	1	11101101011011	01000000000000	11101101001110	0	0
20	14	2	4	2	11000110011111	11010111101001	01111010111000	0	1
20	15	2	4	3	11000010110100	00111101010011	00111111101110	0	0
20	16	2	4	4	00000111000101	01100100011110	10101010100111	0	0
20	17	3	5	1	00010011110101	10100010011111	01111111011100	0	0
20	18	2	5	2	11101111010110	00111001010101	01100110010110	0	0
20	19	3	5	3	11110111110001	01001011111000	00111111000100	0	0
20	20	1	5	4	10010110110011	11000000000000	00100000111001	0	1
21	1	3	1	1	01011000100100	00001111111111	00111110101001	0	0
21	2	2	1	2	00010111110010	01000000011010	01010010001010	0	0
21	3	2	1	3	01110100001110	10110011101100	10101110011101	0	0
21	4	2	1	4	10111111000010	00101001111110	01101100101001	0	0
21	5	1	2	1	11110011110011	11011011000000	10011101011110	0	0
21	6	1	2	2	11001011001110	11111101101100	00011010110000	0	0
21	7	3	2	3	01110001110100	11100010111001	11110000111100	0	0
21	8	2	2	4	11001111110111	10100100010011	01100100100001	0	1
21	9	2	3	1	00000110101000	01101011001011	10101100010000	0	1
21	10	2	3	2	00101000100110	11101001111110	10001010001010	0	0
21	11	3	3	3	01010000100010	01111101100010	00111001111001	0	0
21	12	2	3	4	10111110001100	10111101000110	11010101011100	0	0
21	13	1	4	1	10111101100010	10000011010110	00100101110110	0	1
21	14	1	4	2	00110010001010	11110111101010	10101101001100	0	0
21	15	2	4	3	01000000111010	10010101000101	11110110000000	0	1
21	16	2	4	4	00110111001111	11001001110010	00010000011111	0	0
21	17	3	5	1	11100100110110	11111000100000	11101011010101	0	0
21	18	2	5	2	10001001110001	11110100101001	11111000011011	0	0
21	19	2	5	3	00111010111000	01101011011111	10000001011111	0	0
21	20	2	5	4	11101011011010	11110000111010	01010011100000	0	0
22	1	2	1	1	01111001000010	11011001100000	11000010001100	0	0
22	2	3	1	2	10100010001110	10110111101100	10000111100100	0	0
22	3	2	1	3	01001100001001	11010010011001	11101111101111	0	0
22	4	2	1	4	00000001001000	01010100001111	11010010110011	0	0
22	5	2	2	1	11111101100001	11111000110101	10001010010110	0	0
22	6	1	2	2	00100100110111	10010110101100	01001110001010	0	0
22	7	2	2	3	11011100010100	01000111101111	11000111011000	0	1
22	8	2	2	4	00110001010000	01000010110101	11011101010110	0	0
22	9	2	3	1	00110110010010	11101010001111	10010100000101	0	1
22	10	1	3	2	10001000111010	10100011001011	10100001101101	0	1
22	11	2	3	3	10100111110101	00111100010111	01001100111100	0	0
22	12	3	3	4	01101111011111	00101101011110	10100010000110	0	0
22	13	1	4	1	01011010101010	01001010011011	11011001010110	0	0
22	14	2	4	2	10100100010000	11111101011100	01011010010111	0	0
22	15	2	4	3	10010101000000	11101110001011	01010001101110	0	0
22	16	3	4	4	10111100010110	01000011101001	10001001101111	0	0
22	17	1	5	1	10011011100001	00011110100111	01010011000111	0	0
22	18	3	5	2	10101010000101	01100000010010	11011111110001	0	0
22	19	2	5	3	01111000111010	01001111001111	00110100111010	0	1
22	20	2	5	4	11011010010110	11011000111000	01110001110010	0	0
23	1	2	1	1	00111001010010	10011010010111	00010110100010	0	0
23	2	2	1	2	11100001111100	11101000011000	01111010100010	0	0
23	3	2	1	3	10111110111111	00101010111111	01110110111000	0	0
23	4	2	1	4	11101000001101	11100110100100	00111100010010	0	0
23	5	1	2	1	00100010011111	00110101001101	00100010001100	0	0
23	6	1	2	2	01001000111110	10010010110101	10101101011100	0	1
23	7	2	2	3	11101101111001	00011100111001	00010101100000	0	0
23	8	2	2	4	10101100010111	00100110101101	11100110000010	0	0
23	9	1	3	1	00000000101011	00100111111110	11110001011111	0	1
23	10	3	3	2	10110011011100	10111001111100	10100011100001	0	1
23	11	2	3	3	00111011110001	01110001100001	00011101000000	0	0
23	12	2	3	4	01101101001011	00010110000011	01010011000110	0	0
23	13	2	4	1	00011010100111	01110010011000	10111100010101	0	1
23	14	2	4	2	11110101001000	00011111010100	01000110101011	0	0
23	15	2	4	3	01110100001110	10111000011010	00000100111111	0	0
23	16	1	4	4	00001011110111	11000001011100	11110000001011	0	0
23	17	3	5	1	00101010010111	10000001001111	11000001111001	0	0
23	18	3	5	2	01101010010001	11000011110000	01101010101001	0	0
23	19	2	5	3	11010010010000	10110011110011	00011100110010	0	0
23	20	3	5	4	11100100101111	11101011101110	11110010100000	0	0
24	1	3	1	1	00110011110111	11111001011111	11101001100100	0	0
24	2	2	1	2	10110100010111	00111101101101	01010101100001	0	0
24	3	1	1	3	00010101110100	00011100011011	00001101010000	0	1
24	4	3	1	4	10101000011000	10101100001111	11110000010000	0	1
24	5	1	2	1	11111011011011	00010010101011	01101001111001	0	0
24	6	1	2	2	10010111100001	11110111001011	10110100111100	0	1
24	7	3	2	3	01001110010001	00100100000101	11100111111111	0	0
24	8	2	2	4	11111101100111	00001101011000	01000011111100	0	0
24	9	2	3	1	11000111111010	00110001001100	11101111000110	0	0
24	10	3	3	2	00000110100111	01001010101111	00011001110001	0	1
24	11	2	3	3	10101011111010	01100010110110	11110100010000	0	0
24	12	2	3	4	00000010101101	01000100011111	01100000011110	0	0
24	13	2	4	1	10011001000010	00100100101111	01111001101001	0	0
24	14	2	4	2	01001101000101	01011110111101	00111011111001	0	0
24	15	2	4	3	10011000100010	11010100110101	00001101000001	0	0
24	16	2	4	4	10110110010001	01011010101010	11100110001110	0	0
24	17	2	5	1	10111000001011	10011001001010	00010001010111	0	0
24	18	2	5	2	10101111100011	00010000101101	11111110101101	0	0
24	19	2	5	3	11111010101001	10001101011101	00110101011110	0	0
24	20	1	5	4	00100001111001	00010100011110	00011110100110	0	0
25	1	3	1	1	11100000100110	00100001000000	01000111101010	0	0
25	2	2	1	2	11101110000101	10001110011101	11011110101101	0	1
25	3	2	1	3	01001110010011	01010000010100	11011101010010	0	0
25	4	1	1	4	10100001111100	11100110010010	00010001001100	0	0
25	5	2	2	1	10001101101110	00111101101111	11011111010110	0	1
25	6	2	2	2	01000100000010	01100000010101	00110001110011	0	0
25	7	2	2	3	01010000011001	01011011101011	01011100100100	0	0
25	8	2	2	4	01010001001111	10111100011000	10001000010001	0	0
25	9	1	3	1	00101010110100	11110101101010	11100000001011	0	0
25	10	2	3	2	01100111011101	00111100101100	00101100011010	0	0
25	11	3	3	3	01100000001110	10110101010101	11100001110011	0	0
25	12	2	3	4	10001001010110	01111110000100	11111100000010	0	0
25	13	1	4	1	10001001001100	00011101001000	01111100001011	0	0
25	14	2	4	2	00001110100111	00010011100101	01111000010100	0	0
25	15	1	4	3	11101110110100	00111101100110	01011101111001	0	0
25	16	2	4	4	11110110011101	11010101000101	00101011010011	0	0
25	17	3	5	1	00011001111011	11000000100111	00001010100000	0	1
25	18	2	5	2	10100010111000	01100001110111	11010101101010	0	1
25	19	2	5	3	01110101111011	01100011110101	00111100001000	0	0
25	20	3	5	4	11001010101011	01001011011100	11010101010111	0	0
26	1	1	1	1	11110100001011	10011011001010	01001111110001	0	0
26	2	2	1	2	00100001110010	10111001111011	10001000110011	0	0
26	3	2	1	3	10011101011010	00100000011011	01110011100010	0	0
26	4	1	1	4	11001110111110	11100001111111	00001000001110	0	1
26	5	2	2	1	00100011000111	00100100001010	01011110110001	0	0
26	6	2	2	2	01111100100101	10100000010100	00101110100010	0	0
26	7	2	2	3	11001001000010	10001010001011	00001000000001	0	0
26	8	2	2	4	01101010101100	10010010111000	00110101100100	0	0
26	9	2	3	1	11101001111000	11101001011001	01010001000000	0	1
26	10	3	3	2	10100111010001	11101110010011	01000100101000	0	0
26	11	2	3	3	01010110000111	00110110100011	01111111110000	0	0
26	12	3	3	4	01000010110110	11000111011001	11111001001111	0	0
26	13	2	4	1	01011001011101	10101110100101	11011000111010	0	0
26	14	3	4	2	01111101001011	00010000101011	00001010011010	0	0
26	15	1	4	3	10101000100010	11011111011011	10011001100111	0	1
26	16	1	4	4	11001001010100	10010111101010	01111110111100	0	0
26	17	2	5	1	10111001001010	00100011010011	00000110000000	0	0
26	18	2	5	2	10110010100000	11110010111011	10010010011010	0	0
26	19	3	5	3	10010001101111	00100011110100	10101001000001	0	0
26	20	2	5	4	01100101110111	01001010000011	11011001010111	0	1
27	1	2	1	1	11100101000011	01111111010110	11110101100011	0	1
27	2	2	1	2	00001100110100	11011110001101	10010110111001	0	0
27	3	3	1	3	01101110011100	00100101001101	01011110011001	0	0
27	4	3	1	4	11010110101010	10011000110001	01001001011100	0	0
27	5	3	2	1	10000111011010	00010000011111	10010010010000	0	0
27	6	1	2	2	01101011100110	01111001011101	11110011111100	0	0
27	7	2	2	3	11010101011100	01011010000000	00001010111001	0	0
27	8	2	2	4	00011001000111	11011011100101	00001110000111	0	0
27	9	2	3	1	00000111011111	11111100101100	10000100111011	0	0
27	10	3	3	2	01101110101000	10000010000010	00111110000110	0	0
27	11	2	3	3	10110101010000	00001000001100	00011111100011	0	0
27	12	2	3	4	01111101010110	00000101100111	01001100111001	0	0
27	13	2	4	1	00011111111010	00100011100111	10111010100110	0	1
27	14	1	4	2	10101000110001	10111110111110	00100011111100	0	0
27	15	2	4	3	11110100100000	01101110001010	11010111111000	0	1
27	16	2	4	4	11100001111100	11001000101100	01010111100110	0	0
27	17	1	5	1	10100010000101	11111101100111	00000011010110	0	0
27	18	2	5	2	00111000101000	11000110100010	00001011001110	0	0
27	19	2	5	3	01100000110010	01110010110011	11010010011110	0	0
27	20	1	5	4	01100110110001	00111010101110	01101000001001	0	1
28	1	2	1	1	01111111011100	10100010101010	11110000011011	0	0
28	2	2	1	2	11001100011011	00011111000000	10001011001001	0	0
28	3	3	1	3	11110110001010	10000000000010	00011001001111	0	1
28	4	2	1	4	10111011111101	10100100100011	00111111101001	0	0
28	5	2	2	1	00001101010111	00111111101110	00111010111001	0	0
28	6	1	2	2	10101100000000	00001010100001	00011000110100	0	0
28	7	2	2	3	01110011011011	11101001100001	10111111110000	0	0
28	8	2	2	4	11111010101000	00110100110000	01100000101001	0	0
28	9	2	3	1	01011000001110	01011011001100	10010101011000	0	0
28	10	1	3	2	10111101100011	11110110101001	10000110100010	0	0
28	11	2	3	3	00100100101111	11001100100101	10001011100101	0	1
28	12	2	3	4	10110100010011	11111111000001	11111010110100	0	0
28	13	2	4	1	00100000110011	01010110111000	11001000011000	0	0
28	14	3	4	2	10001100001010	10100010001010	10110111001111	0	0
28	15	3	4	3	11100000110111	00100000000111	01010111010000	0	0
28	16	2	4	4	00111000010000	00000011100000	00111111101011	0	0
28	17	2	5	1	11010101101101	00011011110011	10110100110110	0	1
28	18	1	5	2	10101001011111	00101011011011	11101000111100	0	1
28	19	1	5	3	11111001100101	00000000110001	01100110000001	0	0
28	20	3	5	4	10010011011010	01110101110011	10000111110110	0	0
29	1	2	1	1	00110111011000	10100101001111	11000111001111	0	0
29	2	1	1	2	10001010001001	10000011100010	10000011011000	0	0
29	3	2	1	3	11100110011000	10100011100110	00110000001011	0	0
29	4	2	1	4	01110100011100	10011011010010	11011110001011	0	0
29	5	3	2	1	00010001011000	00110111110011	00000110010110	0	1
29	6	2	2	2	01000001011001	00110111010101	00100110101000	0	0
29	7	2	2	3	11110001001000	11100100101000	11111000010111	0	0
29	8	2	2	4	11001000100111	00101101010000	00101100001110	0	0
29	9	2	3	1	10001000011011	01010100001011	11110111010110	0	1
29	10	2	3	2	00111010001001	10011010111101	01101110001001	0	0
29	11	2	3	3	11000011000000	11011011010011	11011010100001	0	0
29	12	2	3	4	10010100000010	00101111010111	11000100101101	0	0
29	13	2	4	1	10011101011100	11100110111001	10111110110000	0	1
29	14	3	4	2	10011011101011	11111000011010	10110101101111	0	0
29	15	1	4	3	00111111000110	00101001010110	11001101111001	0	0
29	16	3	4	4	00100000100001	11110110001000	11000011111010	0	1
29	17	3	5	1	01010001100100	11011110101101	00100001010100	0	0
29	18	1	5	2	11101100101101	00010000111011	01000110000011	0	0
29	19	1	5	3	00001001110011	01101100011111	01110000000001	0	0
29	20	2	5	4	00110001110111	01111100110100	00000011010100	0	0
30	1	2	1	1	11110010001000	10011011110001	01101101101000	0	1
30	2	2	1	2	10011001011111	11111001111111	10100111001110	0	0
30	3	2	1	3	11111000111010	11001000010001	00001101000111	0	0
30	4	1	1	4	11001001110110	01001011101010	00011101100101	0	0
30	5	1	2	1	11011110000110	11100000010100	01010001010001	0	0
30	6	2	2	2	00100101111001	00010110100111	01011000111111	0	0
30	7	3	2	3	11001110100000	11100001111100	01110101010111	0	1
30	8	1	2	4	01101010110001	00010101101101	10000010100101	0	1
30	9	2	3	1	01101001010110	00011011011110	00100111101001	0	0
30	10	2	3	2	11011100101111	11111111010011	11011100110010	0	0
30	11	2	3	3	01100110100011	10110101110000	00011110100010	0	0
30	12	3	3	4	10111001010110	01000010000101	00010001010110	0	0
30	13	3	4	1	01111001100010	01111000011000	10110000011101	0	0
30	14	2	4	2	10001111100110	11110000011101	01101111110110	0	0
30	15	2	4	3	11001110001110	10001011110000	11000011011110	0	1
30	16	2	4	4	11011000011111	00101010001011	10011001100110	0	0
30	17	3	5	1	01010001010111	11010100000000	10101011111000	0	0
30	18	2	5	2	01001001000010	11011010001000	01011110101010	0	0
30	19	1	5	3	11110001100100	10111001100101	00000100110111	0	0
30	20	2	5	4	11110101000001	00001100101111	00000000110110	0	0
31	1	2	1	1	11101111101000	10001100101101	11111110001110	0	0
31	2	3	1	2	01101110100100	11111001101100	01010100100100	0	0
31	3	3	1	3	01101111010111	10010111110001	11101010010001	0	0
31	4	2	1	4	10000010001010	01111100000100	00011100001101	0	0
31	5	3	2	1	11101111000101	00100001001011	00110010101000	0	0
31	6	3	2	2	11011110000001	00010011110110	00110000010011	0	0
31	7	1	2	3	00111101110111	11100001000111	01101011010110	0	1
31	8	1	2	4	00101011011010	11010000000011	01001011100101	0	0
31	9	2	3	1	10001011000100	10011011001011	00001011101100	0	0
31	10	1	3	2	11001001111111	11011100001011	00101011100001	0	1
31	11	2	3	3	01000010011111	01000111000101	11110111001101	0	0
31	12	2	3	4	11010100011001	11011100100000	11011011101111	0	0
31	13	2	4	1	10101110001100	10010110000110	01111111111101	0	1
31	14	2	4	2	10110110001000	01110111110001	01011110101101	0	1
31	15	2	4	3	11011000110001	10100101111010	11001000010110	0	0
31	16	2	4	4	11100101100001	01110001101001	01101101000101	0	0
31	17	2	5	1	11110110110111	10100001010111	00111010010010	0	0
31	18	1	5	2	10100011000111	11010110101000	10111110101111	0	0
31	19	2	5	3	01010101100111	11101000111001	01110011111011	0	0
31	20	2	5	4	01101111001011	10110100101010	10011110101011	0	0
32	1	2	1	1	01110011011001	10110000100011	00100101001101	0	0
32	2	2	1	2	01100101100111	11001001101110	10010011110101	0	0
32	3	2	1	3	00110000101000	10101101100110	01001000110011	0	1
32	4	2	1	4	10000000100110	00010000000011	10001111110011	0	0
32	5	2	2	1	10110011000011	01100001000010	10010001000011	0	0
32	6	1	2	2	10111101100010	10001010111110	10011101000101	0	0
32	7	2	2	3	01000001101100	11101011011010	10111110010100	0	1
32	8	1	2	4	11110001001001	00101000010001	10101110111100	0	0
32	9	2	3	1	01110000001001	01101000001101	11000111010000	0	1
32	10	2	3	2	11111101101110	11011010110100	10011001101010	0	0
32	11	2	3	3	00110101001101	00100001000101	01010100000010	0	0
32	12	2	3	4	01100001101001	11110100100011	11110111011111	0	0
32	13	2	4	1	11110101110110	01101100111110	00001101101011	0	0
32	14	2	4	2	00110001010101	00111001110011	11110001001100	0	0
32	15	3	4	3	11010110100000	11001111100110	01111011011111	0	0
32	16	1	4	4	10110000100110	11001001001110	11011100010111	0	1
32	17	3	5	1	01011010100010	10110100001100	10111010000000	0	0
32	18	3	5	2	01110010001000	01110000100100	11101100010110	0	0
32	19	1	5	3	01010110010101	11011011111110	11111011101100	0	0
32	20	3	5	4	11100110000111	00001100111000	00010111101010	0	0
33	1	1	1	1	10011110001010	00000101010000	10001110010001	0	1
33	2	2	1	2	10110011101101	11011000111010	11000110001100	0	0
33	3	2	1	3	01001110110000	11011111010010	00001001010001	0	0
33	4	3	1	4	00000101111110	01110111101100	10000100101000	0	0
33	5	2	2	1	00110101011101	10101000001111	00010001011101	0	1
33	6	1	2	2	00100000001111	00111000011110	10110011110110	0	0
33	7	3	2	3	11111101111111	00111011111010	11101010001100	0	1
33	8	2	2	4	11111111000011	10010000000010	10010100001001	0	0
33	9	2	3	1	11111011011000	11101010000010	00111101100110	0	0
33	10	2	3	2	00111011001100	00010110000011	10110111111111	0	0
33	11	2	3	3	00101001101100	01010001101100	00000000100001	0	0
33	12	1	3	4	01001010100100	10010000010110	10111011100100	0	0
33	13	3	4	1	11100001101010	01110110101100	11001100110110	0	0
33	14	2	4	2	11011100110100	00101101001010	00111010110101	0	0
33	15	2	4	3	11111011000010	00000001100011	01010110100011	0	0
33	16	2	4	4	11101111001101	01100011001011	01110100100000	0	1
33	17	2	5	1	01010010011010	00011100111100	01010010111011	0	0
33	18	3	5	2	00100101000010	10010100101101	10011001110101	0	0
33	19	1	5	3	00000101000011	11110010101000	11000110010110	0	0
33	20	2	5	4	11001100010110	10110010111000	10111001011110	0	0
34	1	2	1	1	10111011000101	10000100100001	10111000100011	0	0
34	2	1	1	2	01101011110101	01011000011000	11110111010100	0	0
34	3	2	1	3	10110000010010	00110100100010	10010111010111	0	0
34	4	2	1	4	00001001110000	01111010010001	10010000010110	0	0
34	5	2	2	1	01111111111010	11011101101011	11110111101000	0	1
34	6	1	2	2	00001000000101	00100111111010	10100101010101	0	0
34	7	1	2	3	10001110011100	11010110011110	01111111101110	0	1
34	8	3	2	4	10111011000100	01101010101101	10111101110010	0	0
34	9	2	3	1	00100001100000	11110111001101	00001010000100	0	1
34	10	3	3	2	10011110111100	10010001110111	11110101010001	0	0
34	11	2	3	3	10010101010100	11000111001001	10011011011111	0	0
34	12	2	3	4	11100000110011	01101001001000	10100100010000	0	0
34	13	2	4	1	01010001011101	00001110011100	11110010010111	0	0
34	14	2	4	2	11010010100100	00001011101110	11011100101100	0	0
34	15	2	4	3	10111011011000	11011111001010	11000011110001	0	0
34	16	1	4	4	01110010001101	10111111111001	11011101011001	0	0
34	17	3	5	1	10010011001110	00111100110001	10101100110000	0	0
34	18	2	5	2	01110000111010	10011010011101	01011110110010	0	0
34	19	3	5	3	00101011001110	00011010001110	01100101110011	0	0
34	20	2	5	4	01011011101111	10000011101101	11110100110011	0	1
35	1	3	1	1	11010101011000	01111001011111	00011000010101	0	1
35	2	2	1	2	11011000100000	11101110111001	11010000011000	0	0
35	3	2	1	3	11111111111110	01110000111101	10001011001010	0	1
35	4	2	1	4	11100101101010	00011000010011	01000111010000	0	0
35	5	2	2	1	11011101110000	00000010010000	11101011001000	0	0
35	6	2	2	2	11011010001010	11000100111001	00100001111111	0	0
35	7	2	2	3	01111100011110	10000010011101	10010011100110	0	0
35	8	3	2	4	10000010000000	01001100000111	10000010010011	0	0
35	9	1	3	1	00100111101100	00010110100001	10100110000110	0	0
35	10	2	3	2	01111011110001	11011101100101	01110011110000	0	0
35	11	2	3	3	00010100000000	10101100010110	00001001001100	0	0
35	12	1	3	4	11001111010100	11111001110001	10100001010010	0	0
35	13	3	4	1	01101001010000	10111001111000	00111001111100	0	1
35	14	1	4	2	01111110100101	00101111110100	10100001101110	0	0
35	15	2	4	3	00110010010011	11000011001010	11110011110100	0	0
35	16	2	4	4	01111000111100	01111101111010	11110111101011	0	0
35	17	1	5	1	11100010011000	10011010101001	11001010101100	0	0
35	18	2	5	2	11101100000000	01110110111110	01011001100001	0	1
35	19	2	5	3	11110100001011	01101101011010	01001101011011	0	0
35	20	3	5	4	10001011001011	10101011011010	01101110000101	0	0
36	1	2	1	1	00111001001101	10010000001110	01010111110001	0	0
36	2	3	1	2	10000111000110	01011100111011	01101000100100	0	1
36	3	3	1	3	10111110110101	01011000110111	10100101011011	0	0
36	4	2	1	4	01010111111111	11101110111001	00110111100001	0	0
36	5	2	2	1	00101101111110	11000010001011	11110011110010	0	0
36	6	2	2	2	11001011011101	10101111001110	10010110010011	0	0
36	7	2	2	3	01111010010110	11001011001001	11111011111000	0	1
36	8	3	2	4	11100000111011	11011001100100	11001010011011	0	0
36	9	1	3	1	10101011011001	11111111100110	00110000110101	0	1
36	10	2	3	2	10011011101001	11000000000000	00010101110100	0	0
36	11	3	3	3	11110111001110	11011001110100	00100010101000	0	0
36	12	1	3	4	01110011000010	01011111010111	10010110111100	0	0
36	13	2	4	1	00100010011110	01001011010011	01111010110101	0	0
36	14	1	4	2	01101100101000	11000000000110	10110100101111	0	1
36	15	2	4	3	10101111111001	11001011010000	10010010001101	0	0
36	16	2	4	4	01011010111110	11110010010011	00000100110110	0	0
36	17	2	5	1	10001000101001	10110110011100	00101101100110	0	0
36	18	1	5	2	11110101000111	10001000111101	11111010001110	0	0
36	19	2	5	3	11011010011100	11100100010110	01011101110000	0	0
36	20	2	5	4	10111000100111	10000111101001	01101011010011	0	0
37	1	2	1	1	10110000001100	11011101011010	11110100001010	0	1
37	2	2	1	2	10110010101000	01001101111010	01010001111000	0	0
37	3	1	1	3	00101101011011	01101001100000	11001111111011	0	0
37	4	3	1	4	11001110011000	00111100001101	01000100011110	0	0
37	5	2	1	5	10000111010101	00110011110010	00010111101001	0	0
37	6	2	2	1	11110111000001	01110100111101	10101101100110	0	0
37	7	2	2	2	00101000101011	00001010000011	11111010101010	0	0
37	8	2	2	3	01111111110101	00001101101000	10001101111001	1	1
37	9	3	2	4	10101011101100	11000000000011	01000011010111	0	0
37	10	2	2	5	01001011100011	00110101010101	01110100010010	0	0
37	11	2	3	1	10101111001111	01101011011000	10001010111100	1	0
37	12	2	3	2	01111110001101	11001111110011	11100111001111	0	0
37	13	2	3	3	11010100001110	01000101010000	11000001001010	0	0
37	14	1	3	4	00000111101100	11011000001101	01010011101000	0	0
37	15	2	3	5	01110001101100	01000101111001	00111111011110	0	1
37	16	2	4	1	00010100001100	01001001000110	01000110001110	1	1
37	17	2	4	2	11010101011001	11001000101111	00100100001111	0	0
37	18	1	4	3	00010110011000	01100000101101	01100100100000	0	0
37	19	3	4	4	01101111111110	11101101110100	01010011100100	0	1
37	20	2	4	5	10100111100110	01010101010011	10110111101010	0	1
37	21	1	5	1	10110111011110	01011111000100	00011111000110	0	0
37	22	2	5	2	00111101001011	10010011101011	00101110110011	0	1
37	23	2	5	3	00101001011100	10010111000001	00010000110001	1	0
37	24	2	5	4	10100110010001	01110010111101	11001101111000	1	0
37	25	3	5	5	11101111010010	00010000111110	00100110000111	0	1
