2818
0.969626
1	1	2	1	1	00001001101110	10101110101010	11101001011100	0	0
1	2	2	1	2	10011001101101	01100001101100	00011111000000	0	0
1	3	3	1	3	01011101011000	01100110010011	10001000011011	0	1
1	4	1	1	4	00100111000110	00000000000000	10001000100110	0	0
1	5	2	2	1	11111011100110	00001011101100	01010111010011	0	0
1	6	2	2	2	10101100110110	10100000100000	10110101010000	0	1
1	7	1	2	3	11111010100011	10000000000000	01010111011011	0	0
1	8	1	2	4	00111000101101	01000000000000	10000100111101	0	1
1	9	2	3	1	01000111110010	10000011001010	01001111011111	0	0
1	10	2	3	2	11011101111100	11011101111111	10110100000000	0	1
1	11	2	3	3	10101100000001	01101110111111	01001011010111	0	0
1	12	2	3	4	10001001110010	10111010110110	10001001001000	0	0
1	13	2	4	1	10001001000011	01101110100100	10000110101000	0	0
1	14	1	4	2	01101001100101	11000000000000	10011111100011	0	0
1	15	3	4	3	00001100101010	11001000010011	10001101001111	0	0
1	16	2	4	4	11100001101000	11110010010111	11100110111110	0	0
1	17	3	5	1	00010001111000	00101101100100	10010111011000	0	0
1	18	2	5	2	10101111100000	01101010110010	11001110011000	0	0
1	19	2	5	3	00111001110010	00000001001100	11100100100000	0	0
1	20	3	5	4	11111011000001	00100000001111	01100110010110	0	0
2	1	3	1	1	00000001000111	00001010111001	01000001111011	0	0
2	2	1	1	2	00010011011011	00000000000000	01000000000010	0	0
2	3	2	1	3	11110101000100	00001111100000	11100101001101	0	0
2	4	2	1	4	10001010010101	01010111101111	00011001011001	0	0
2	5	1	2	1	00111110001010	10000000000000	00001100110010	0	0
2	6	2	2	2	01101011100101	10001110110111	11000010011011	0	1
2	7	2	2	3	11010010001101	00100101110010	00000000111100	0	0
2	8	1	2	4	11100111000011	01000000000000	00000100000010	0	1
2	9	2	3	1	11111001110000	10011001100110	11000101010000	0	0
2	10	1	3	2	01110000011001	11000000000000	11111011011111	0	0
2	11	2	3	3	01111110111100	11100010000011	11000011000001	0	0
2	12	2	3	4	11110100101110	01101001011001	01100010110011	0	0
2	13	3	4	1	10110110010011	00100101000000	11011010011001	0	0
2	14	2	4	2	00011100101000	01111010011101	00011110100000	0	0
2	15	3	4	3	01100100001000	10011000100001	00010111100100	0	1
2	16	3	4	4	10000100111111	11001011000011	01111100101100	0	0
2	17	2	5	1	01111000001110	01100010100000	10111011100110	0	0
2	18	2	5	2	00001111111001	00000011000101	11010110011011	0	1
2	19	2	5	3	10110100111101	10101111010111	01101111110110	0	0
2	20	2	5	4	00101101101010	01010110111000	00111010011101	0	0
3	1	1	1	1	11001100101100	00000000000000	00101101111110	0	1
3	2	3	1	2	00101111100010	00101000011111	10001001110111	0	0
3	3	2	1	3	11111010010000	10000010001101	11101110111111	0	0
3	4	2	1	4	11110010111101	10100100111110	00100111000111	0	0
3	5	2	2	1	00101100100011	01100011111000	11110101000111	0	1
3	6	2	2	2	00111001111111	10101011110110	11110110111001	0	0
3	7	2	2	3	11000001101011	00110001100110	00100010110011	0	0
3	8	2	2	4	00101101100101	11110101101111	00011011100111	0	1
3	9	3	3	1	00111000110011	10011100000001	10110000001011	0	1
3	10	1	3	2	11011100111111	10000000000000	01011011011011	0	0
3	11	3	3	3	00101100010011	00110100010000	10011001011101	0	0
3	12	2	3	4	10001101111010	00011110000110	11110110111001	0	0
3	13	2	4	1	11001110101101	11111000011011	11101001000101	0	0
3	14	1	4	2	01011010011100	01000000000000	11100111001010	0	0
3	15	2	4	3	01001110100111	10000101110001	11000101000000	0	0
3	16	2	4	4	00010010010111	11100011000001	10111000101100	0	0
3	17	3	5	1	00100010011100	01001111111100	10011000100110	0	0
3	18	2	5	2	01000111110101	10100100111011	11100000100011	0	0
3	19	2	5	3	10100001110101	00001001110011	10011011110011	0	0
3	20	1	5	4	01001101110100	11000000000000	01010110010000	0	0
4	1	2	1	1	01101011000010	10110001111100	01110101011100	0	0
4	2	2	1	2	01101110100110	01100001110110	10000101100111	0	0
4	3	2	1	3	01001101010011	00100001100010	01100110001111	0	1
4	4	2	1	4	00011010110100	01000111001110	11101011100011	0	1
4	5	2	2	1	10001101100011	10001000011110	01110111001001	0	0
4	6	2	2	2	01100010001100	11011100011110	01001101100011	0	0
4	7	3	2	3	00001111100100	00111111010011	00000010110101	0	0
4	8	2	2	4	10100000100101	00101111101001	00101110001001	0	1
4	9	1	3	1	00001100011011	00000000000000	00001100000010	0	0
4	10	1	3	2	01100110110010	10000000000000	10001001101001	0	0
4	11	3	3	3	01000000000011	10000101001101	01000111110011	0	0
4	12	2	3	4	01000010110100	00111111010000	11100100000011	0	0
4	13	3	4	1	11110011110011	00001010100001	11100000010110	0	0
4	14	1	4	2	11000101001001	01000000000000	00100100101101	0	0
4	15	2	4	3	00110010101011	10010111101010	00010011000100	0	1
4	16	2	4	4	11101000100110	01110111101101	01101000011110	0	0
4	17	2	5	1	01101101010100	00100100110000	01100110100111	0	0
4	18	3	5	2	10100111101000	11111101001001	00001110101100	0	0
4	19	2	5	3	00001111010110	10010011100010	10100001010111	0	0
4	20	1	5	4	10101001010011	11000000000000	01000010010101	0	0
5	1	2	1	1	01001011001001	11110101110010	10011001001111	0	1
5	2	2	1	2	01101010111001	01001010111101	10111111101001	0	0
5	3	2	1	3	00110001011010	10101000101010	00011011010001	0	0
5	4	1	1	4	11010100110000	00000000000000	11000100000001	0	0
5	5	2	2	1	01100011100000	11010011100111	01010010010101	0	0
5	6	1	2	2	11100011101001	10000000000000	00101100100000	0	0
5	7	2	2	3	00010110100000	01110000111101	00100100110001	0	0
5	8	3	2	4	11000110001010	11000101010111	10110111001011	0	1
5	9	2	3	1	11010000110000	10011010101011	00000001101110	0	0
5	10	2	3	2	01101011010100	11110101100111	01110110001100	0	0
5	11	2	3	3	00100000000001	11111011001110	00011111111101	0	0
5	12	3	3	4	10011100111101	10100001101111	00001101011011	0	0
5	13	3	4	1	11011101101010	11101010100100	01011010110101	0	1
5	14	2	4	2	10011011101011	01010111000000	00010100011011	0	0
5	15	2	4	3	01010100011101	00101011011110	11110110110000	0	0
5	16	1	4	4	11111101011100	01000000000000	11110011011101	0	1
5	17	2	5	1	11101100001011	11001110011001	00101001110010	0	0
5	18	2	5	2	10101000000001	00011010000111	01001101000101	0	0
5	19	1	5	3	00110001011011	11000000000000	11100100101111	0	0
5	20	3	5	4	10010111111111	10110000011001	11111010111101	0	0
6	1	2	1	1	10110010110000	10001010010011	10100111011101	0	0
6	2	2	1	2	00110000111000	10100001001000	11001000111100	0	0
6	3	3	1	3	10010110111110	00001011011110	00011010011011	0	0
6	4	2	1	4	10110001100101	01100010011101	01010101101101	0	0
6	5	3	2	1	00101111011001	11011000001111	11101101010101	0	0
6	6	2	2	2	00000011000110	11001111111111	11100111000011	0	0
6	7	2	2	3	01011001000111	01001010000001	10011101110111	0	1
6	8	1	2	4	10011000010101	00000000000000	00001101110011	0	1
6	9	1	3	1	01110000010001	10000000000000	10110011011101	0	1
6	10	1	3	2	01011011101101	01000000000000	00110111001000	0	0
6	11	1	3	3	11101110111101	11000000000000	00001110110100	0	0
6	12	2	3	4	10001100101110	01000100011000	10000001001011	0	0
6	13	2	4	1	01100011111100	00000000011011	00011011111101	0	0
6	14	2	4	2	10001010100000	01110011110001	11001010110000	0	0
6	15	2	4	3	00001110110001	11100010000010	01010000010101	0	0
6	16	2	4	4	00011000111011	00101000010011	00010101100100	0	0
6	17	3	5	1	11000100001111	10111111001010	11010000011101	0	0
6	18	3	5	2	01000110101011	00011111001011	10001100001011	0	0
6	19	2	5	3	11000111001100	01010100100101	01111101011111	0	1
6	20	2	5	4	00111001100000	10100101111111	00111101110000	0	0
7	1	2	1	1	00101110010101	11000000010100	11111100001001	0	0
7	2	2	1	2	10011101001011	00010100010001	01101100101001	0	1
7	3	2	1	3	00001111111111	10000001111111	10110001000110	0	1
7	4	3	1	4	01100111000000	01001100001010	10011100100100	0	0
7	5	2	2	1	10011100100100	00110000011001	01100001001101	0	1
7	6	2	2	2	11110011111011	00001011010101	00100001110100	0	0
7	7	3	2	3	01010001111010	01110101111100	00101010001111	0	1
7	8	2	2	4	10010000001010	01000100101101	00101000110110	0	0
7	9	2	3	1	10000010001101	10000101101101	10011001000111	0	0
7	10	3	3	2	00001000011111	10101010010000	00101011101111	0	0
7	11	2	3	3	01111101101111	11010001000010	11010100101100	0	0
7	12	1	3	4	00110011101101	00000000000000	10011111111000	0	0
7	13	1	4	1	11101000011111	10000000000000	11100011100100	0	0
7	14	2	4	2	00110010110000	10100101010000	10100010111010	0	0
7	15	2	4	3	11111001101100	00111001100001	11011111001011	0	0
7	16	2	4	4	10101011111101	10100101100000	00000110010111	0	0
7	17	1	5	1	01011100111010	01000000000000	00110011111110	0	0
7	18	2	5	2	01000101110100	11101100001101	11101001100011	0	0
7	19	1	5	3	01001100001110	11000000000000	11001110111000	0	0
7	20	3	5	4	01000011011001	10111111011100	10000101100101	0	0
8	1	2	1	1	10101001011110	11001110101011	11001111001001	0	1
8	2	2	1	2	01001100100001	10111001011101	00000001100010	0	0
8	3	2	1	3	11101001110110	10111101010111	11110110000101	0	0
8	4	3	1	4	10100010101011	11001011001001	01101000000010	0	0
8	5	2	2	1	11011110100001	00111010011001	10110111011011	0	0
8	6	2	2	2	10000001101100	01111011000010	11001011011101	0	1
8	7	3	2	3	10010000010101	11101101111010	00001000001011	0	0
8	8	2	2	4	01101110101111	01100011111111	11101110101101	0	0
8	9	2	3	1	01000011001101	01000010010001	01111011000111	0	0
8	10	1	3	2	00101001110010	00000000000000	00000110100000	0	0
8	11	2	3	3	00000010101010	11101000010001	10010111000010	0	0
8	12	2	3	4	10001001000101	10000000111100	00101110001001	0	0
8	13	1	4	1	01010101101100	10000000000000	01101010110100	0	0
8	14	2	4	2	00100100111011	10011100010010	01101111010110	0	0
8	15	3	4	3	10101100010011	11101110001011	10000111000001	0	1
8	16	2	4	4	11011001010001	10100111111011	11000110101110	0	0
8	17	3	5	1	00101100011111	00101111001101	01110000110101	0	0
8	18	1	5	2	01010110111101	01000000000000	00010010001111	0	0
8	19	2	5	3	10000111101011	11001101001111	11110000110110	0	0
8	20	1	5	4	01111010010001	11000000000000	01100001110010	0	1
9	1	2	1	1	01110111111101	00101001110000	11001010001010	0	1
9	2	1	1	2	11111110110111	00000000000000	10010011110000	0	0
9	3	3	1	3	10101111111110	10101101011101	11100111100000	0	1
9	4	2	1	4	01100101011000	00110001111111	10100111101111	0	0
9	5	1	2	1	01111010011100	10000000000000	11110000010010	0	0
9	6	3	2	2	00110100111111	11010100000001	01010110001000	0	0
9	7	2	2	3	10100110010101	01101000101010	11010000101110	0	0
9	8	3	2	4	10000101000100	00010010111110	11000110000011	0	0
9	9	2	3	1	00101101110100	10100011110011	01100011111110	0	0
9	10	2	3	2	11000010100101	10111110000101	01100101011000	0	0
9	11	2	3	3	10000110100100	00001101100000	11010010000100	0	0
9	12	2	3	4	01100110011110	11011010001010	01110011111100	0	1
9	13	1	4	1	00111010101000	01000000000000	11110100011110	0	0
9	14	1	4	2	01101010000111	11000000000000	01011111000001	0	0
9	15	2	4	3	00110010100101	01010011100101	01100101001011	0	0
9	16	2	4	4	00010001011001	11001010101001	11000100000100	0	0
9	17	3	5	1	10101110100010	01111001100100	01100100001111	0	0
9	18	2	5	2	00000011000000	00110011010111	01100100010010	0	1
9	19	2	5	3	01111011110101	00000001001001	00100011101001	0	0
9	20	2	5	4	01001001111101	01011111100010	10010110101110	0	0
10	1	2	1	1	11101110101011	10010000100011	10001001110010	0	0
10	2	1	1	2	00011000111010	00000000000000	10000101111110	0	1
10	3	2	1	3	10110111011010	10010010110001	11101110100010	0	0
10	4	3	1	4	00011001101001	10001000111110	11011011100111	0	1
10	5	2	2	1	01101010100110	10000000010000	10001001110100	0	0
10	6	3	2	2	00100010101110	01010001100011	00001100111001	0	0
10	7	1	2	3	01100101100100	10000000000000	10110000101111	0	0
10	8	2	2	4	10011111100011	00101000010110	11100101111010	0	0
10	9	1	3	1	10001000010111	01000000000000	00111001011110	0	0
10	10	3	3	2	00111100101000	10110011010010	10101101110001	0	0
10	11	3	3	3	01011110100100	11001100000000	10001111101111	0	1
10	12	2	3	4	11001110100000	11100111101011	00110101100100	0	0
10	13	2	4	1	11010001000101	01111011010000	00100001110010	0	0
10	14	2	4	2	01000000100000	10100101011101	00000111111011	0	0
10	15	2	4	3	11000011011101	01111010011100	10001001110100	0	0
10	16	2	4	4	00010100110010	00111110001110	10001100100101	0	0
10	17	2	5	1	10110100010110	00110001001010	01010011101111	0	1
10	18	2	5	2	00110001010000	11010111100001	00010101001011	0	0
10	19	1	5	3	11011110011111	11000000000000	01010000101011	0	0
10	20	2	5	4	10000011010110	00010000101100	10001000110010	0	0
11	1	1	1	1	00011101000111	00000000000000	01111101101111	0	0
11	2	3	1	2	00101011010111	00010110001000	01100110011000	0	0
11	3	2	1	3	10110110010101	10101111110110	00010100010000	0	0
11	4	2	1	4	11110000000100	00110011111001	11001011111101	0	0
11	5	2	2	1	10010011100000	11110101111000	10100110000101	0	0
11	6	2	2	2	00110100111000	10100001100010	11100010111000	0	0
11	7	2	2	3	10111000010000	11010000010110	10000111100010	0	0
11	8	2	2	4	01110110110111	01000011001001	11100011110000	0	1
11	9	2	3	1	10101001000000	11110100011100	10101111001000	0	0
11	10	2	3	2	10100111000001	00110110011010	10011101010001	0	0
11	11	1	3	3	01011010000001	10000000000000	11001000111100	0	0
11	12	1	3	4	11110101100000	01000000000000	11010011110011	0	0
11	13	2	4	1	11111100111111	11001100111011	10101111000000	0	0
11	14	1	4	2	11000101110110	11000000000000	00000111100011	0	1
11	15	2	4	3	11101000011100	00001000000010	01101010101011	0	0
11	16	3	4	4	01010011000000	10010010101101	11100100001010	0	0
11	17	2	5	1	10110100100010	00000101100000	00011000001110	0	0
11	18	3	5	2	11111110100010	00101001110010	00100001011010	0	0
11	19	2	5	3	10011110001110	11100101010100	11001110001110	0	1
11	20	3	5	4	00000101001110	00111000111100	01111111000100	0	1
12	1	3	1	1	10000000101100	11010110101110	01111011100110	0	1
12	2	1	1	2	11111000011111	00000000000000	10000010110000	0	0
12	3	1	1	3	00110101011100	10000000000000	10001001000101	0	0
12	4	2	1	4	11101100111111	11100110101001	01011110011101	0	0
12	5	2	2	1	11001101011101	01010000111011	00110011001000	0	0
12	6	2	2	2	11111001110010	01010010101110	00010100010111	0	1
12	7	2	2	3	00100110000010	10010111101011	11000000010001	0	0
12	8	2	2	4	11101100010001	01000110101001	01001111111111	0	0
12	9	2	3	1	11111011110110	11000100111000	10101100110101	0	0
12	10	2	3	2	00101100110110	10100011110101	01111010000101	0	0
12	11	2	3	3	00101001100000	00000110101011	11000101101000	0	0
12	12	1	3	4	00101000001101	01000000000000	11100000111101	0	0
12	13	3	4	1	11101011010110	10100000101101	11010010101001	0	1
12	14	1	4	2	00100100000101	11000000000000	10000010010011	0	0
12	15	3	4	3	10001101011010	01110001110101	01111001101100	0	0
12	16	3	4	4	00011101010011	10111111011010	11010110111010	0	1
12	17	2	5	1	10000001101100	11110001111001	11011001101111	0	0
12	18	2	5	2	01110110111010	11101011110110	00100101111101	0	0
12	19	2	5	3	10111110100111	01101101010010	10111111110100	0	0
12	20	2	5	4	11110100110111	11011110110110	00000101111001	0	0
13	1	1	1	1	11111101001001	00000000000000	10100100001010	0	0
13	2	3	1	2	00110111010001	01010111001101	01011000110000	0	0
13	3	1	1	3	01110111100101	10000000000000	11110100110110	0	1
13	4	3	1	4	10010101001100	10110111011010	00010111001100	0	0
13	5	2	2	1	00101111001101	10101000010011	11110111010111	0	0
13	6	2	2	2	11000101110001	10100101101000	01101000100001	0	0
13	7	2	2	3	00101110100011	10111100101000	00000001110001	0	1
13	8	2	2	4	11110001110110	11000011111001	11001011100110	0	0
13	9	1	3	1	11000001100101	01000000000000	11110010001000	0	0
13	10	3	3	2	10000111011101	00110110001000	00001111000000	0	1
13	11	1	3	3	10000010111010	11000000000000	11100111011010	0	0
13	12	3	3	4	11101100000010	10010010000000	11110110001011	0	0
13	13	2	4	1	01101110111001	10010010010000	10100010100110	0	0
13	14	2	4	2	00101110010100	00001110011110	11010111000000	0	0
13	15	2	4	3	11100100000100	10110101011000	11110000010110	0	1
13	16	2	4	4	11011010101101	00010001011011	00111100100100	0	0
13	17	2	5	1	01010011001011	10010100011100	00001111100001	0	0
13	18	2	5	2	11000101111100	10100110001010	00011001011101	0	0
13	19	2	5	3	00110110000110	00111010101100	10000010110101	0	0
13	20	2	5	4	01011011001100	00111110110011	00101001000100	0	0
14	1	3	1	1	11100111001010	01100001110011	01000011101010	0	0
14	2	2	1	2	10001101111001	01111100111010	10110111111110	0	1
14	3	3	1	3	00011000111110	11001101110011	00001110000100	0	0
14	4	2	1	4	11011010011010	00000111101010	00000011101101	0	1
14	5	1	2	1	11000110110100	00000000000000	11010010001100	0	0
14	6	2	2	2	01001111110100	11001101100111	01111001111010	0	0
14	7	2	2	3	10001100100000	10001101011011	01011011100110	0	0
14	8	2	2	4	01110101110001	11011011001010	10000100011111	0	0
14	9	2	3	1	00000010010001	11010100000001	10101000100110	0	0
14	10	3	3	2	10111111000110	10111110001110	10010111111001	0	0
14	11	1	3	3	10001101111010	10000000000000	00100110101100	0	0
14	12	2	3	4	01111111000100	01011011001110	00100110011001	0	1
14	13	1	4	1	10111111101011	01000000000000	11101101101111	0	1
14	14	2	4	2	11000110111101	10101011011011	11001000000101	0	0
14	15	2	4	3	11100001100000	00010010110111	01011001011111	0	0
14	16	2	4	4	11011011001101	11110101110101	11110011111000	0	0
14	17	3	5	1	10101001001111	10101000100110	10011011111101	0	0
14	18	2	5	2	00011001010101	01111100100001	00110101101000	0	0
14	19	2	5	3	11000111001110	00010110111100	11111101001100	0	0
14	20	1	5	4	00100011001001	11000000000000	00110111100100	0	0
15	1	2	1	1	01010101010101	10110010110110	11111001011110	0	0
15	2	3	1	2	10100001001010	11101110100011	01100001100110	0	0
15	3	1	1	3	10111001110110	00000000000000	01000111100110	0	0
15	4	3	1	4	10110011111010	11100010000100	11101010100001	0	1
15	5	2	2	1	11000011100111	01001101111010	01000000010100	0	0
15	6	3	2	2	11011110100111	11101011000001	00010111011011	0	0
15	7	2	2	3	11001100001011	11010110111111	01010110101000	0	0
15	8	2	2	4	01010110100010	10000101110010	11111111100101	0	0
15	9	1	3	1	00101010100001	10000000000000	01010000011110	0	0
15	10	3	3	2	01101110110101	10110001110101	01100100011011	0	0
15	11	2	3	3	10100111010010	11111001111001	00100011011111	0	0
15	12	2	3	4	00011111101110	11101000010111	01111110100100	0	0
15	13	2	4	1	11011100011011	11010000100010	00101011101100	0	1
15	14	2	4	2	10001010100110	00000011111101	10001101011110	0	0
15	15	2	4	3	11111101001110	01001111010011	10111100111011	0	0
15	16	1	4	4	00111001101111	01000000000000	01110001111111	0	0
15	17	1	5	1	00011110000111	11000000000000	10111011001101	0	1
15	18	2	5	2	01100111011110	11101011110001	11110100111101	0	0
15	19	2	5	3	10000100010000	10001001111001	10000001001111	0	0
15	20	2	5	4	11101000101000	01000101011110	00110010100111	0	1
16	1	1	1	1	11011000011010	00000000000000	00001010110100	0	0
16	2	2	1	2	00011001000011	11111010100010	11111111001000	0	1
16	3	2	1	3	00110101010100	00110100101000	11001110001110	0	0
16	4	2	1	4	01000101011100	11100001101111	11010100001111	0	1
16	5	3	2	1	00110100011001	01001111011011	01011100010101	0	0
16	6	3	2	2	01010000111100	10100010011010	10000100111110	0	1
16	7	2	2	3	11011101110011	10001100101011	10110111101110	0	1
16	8	2	2	4	10110100010010	00000001001010	00000000110000	0	0
16	9	2	3	1	01010111101001	11100000000101	01110101000000	0	0
16	10	2	3	2	01011101100100	10010111101100	01100101110100	0	0
16	11	1	3	3	00010001101011	10000000000000	11001010111000	0	0
16	12	2	3	4	10110111101001	10110000000010	00100110010011	0	0
16	13	1	4	1	00001001100001	01000000000000	11111110101101	0	0
16	14	2	4	2	10111100011010	11101010000000	01101100010000	0	0
16	15	3	4	3	11011010001111	11001010001100	11101100110110	0	0
16	16	2	4	4	11010100101111	00000101111110	01011010000100	0	0
16	17	1	5	1	11110010110001	11000000000000	11111011101001	0	0
16	18	2	5	2	11101110001111	10000000010111	10001111110000	0	0
16	19	3	5	3	00110011100100	01010000101110	11111010000100	0	0
16	20	2	5	4	10101011110010	10100001011001	10111101011111	0	0
17	1	1	1	1	10111000000111	00000000000000	01011011001010	0	1
17	2	2	1	2	01100000001001	01001010100100	10010100111110	0	0
17	3	3	1	3	01010010101001	10110101101110	00001010111110	0	0
17	4	2	1	4	10010110101101	10110001101110	10101001110111	0	1
17	5	3	2	1	00100010001111	00100110010101	11111110000110	0	0
17	6	2	2	2	11011010000100	00100001111111	11100101101111	0	0
17	7	1	2	3	00101100011011	10000000000000	11011110100001	0	0
17	8	2	2	4	00101000110110	01110100110011	11001010100101	0	0
17	9	2	3	1	01101101101011	01101000000100	11101101001001	0	0
17	10	2	3	2	11011000110011	01001011000100	00011000101101	0	0
17	11	2	3	3	00100110101011	11010111100111	10100001011010	0	0
17	12	3	3	4	11010000000010	11111100011100	00000100101100	0	0
17	13	1	4	1	00111011001101	01000000000000	10100000001111	0	0
17	14	2	4	2	00101101110000	00001111000001	00000010110101	0	0
17	15	2	4	3	00010001110111	00101001001111	01010000011111	0	0
17	16	1	4	4	00000110111111	11000000000000	01110110001000	0	1
17	17	2	5	1	00001110110011	11011011011110	00100001110010	0	0
17	18	2	5	2	01110011001101	11101000110010	10110011000110	0	1
17	19	2	5	3	01110011010111	11110110111100	00010011010011	0	0
17	20	3	5	4	00010111111001	10101110101110	00000111100111	0	0
18	1	2	1	1	11001100100000	00100110100110	01001110110100	0	0
18	2	1	1	2	10101100110000	00000000000000	00111011011110	0	1
18	3	3	1	3	01110110101000	00110001101001	11010011001010	0	0
18	4	2	1	4	01000000001100	01100000100101	10110100010101	0	1
18	5	1	2	1	10011111011100	10000000000000	01000111101100	0	0
18	6	2	2	2	11000001010011	01110000001101	00101100010111	0	0
18	7	2	2	3	00100111101011	10010100110111	11001010011000	0	0
18	8	2	2	4	00101001001001	10010000100000	00001001000000	0	0
18	9	1	3	1	10011101110011	01000000000000	00111001011100	0	0
18	10	2	3	2	11110111001010	10110010000110	10000110101000	0	1
18	11	2	3	3	10100101011011	00011110010101	00111011011100	0	0
18	12	3	3	4	10000001101100	11010101001111	00011010101100	0	0
18	13	1	4	1	01100101001100	11000000000000	11100010110001	0	0
18	14	3	4	2	01110011001101	00101011001000	10001111101010	0	0
18	15	2	4	3	10000010101011	10001110110101	00111111000111	0	0
18	16	2	4	4	00100101101101	11100111110000	10001001111010	0	0
18	17	3	5	1	10100101101110	01100111010101	00100010110010	0	0
18	18	2	5	2	01001001111101	11010010101101	01100011100110	0	1
18	19	2	5	3	00011111010110	00001001101111	11101111101100	0	0
18	20	2	5	4	00011100000101	01010111000101	11111101111100	0	0
19	1	3	1	1	11000110110000	10101010000010	01111101001100	0	0
19	2	1	1	2	10101101000010	00000000000000	10111011101100	0	0
19	3	2	1	3	11000100001001	01010110010110	01100001111101	0	0
19	4	2	1	4	00111100101010	01110010111000	10110011100101	0	0
19	5	2	2	1	11011011111101	01101000110100	11011110000111	0	1
19	6	2	2	2	11111110000100	10111011110100	11001001110100	0	0
19	7	1	2	3	11110111100111	10000000000000	00010100011100	0	0
19	8	2	2	4	11011010010110	01100000110101	10101100001000	0	0
19	9	2	3	1	11011000001111	00100111111111	00011000101101	0	0
19	10	2	3	2	11100001100111	01110101011001	00011100001011	0	0
19	11	3	3	3	00111000011000	01011111001101	11110101000000	0	0
19	12	2	3	4	10101000101100	00001001110011	01101111101001	0	0
19	13	2	4	1	01111000000001	00001010110111	10011000011010	0	1
19	14	3	4	2	01111110011000	10001010011011	10011010001111	0	0
19	15	2	4	3	00111010100111	10101111101011	00000011110100	0	0
19	16	3	4	4	11011000111001	11010110011101	01111111001111	0	0
19	17	2	5	1	10000101100010	00100111111010	01111011100000	0	0
19	18	1	5	2	10010000110001	01000000000000	11111001000100	0	1
19	19	1	5	3	00010000101110	11000000000000	11000101001101	0	1
19	20	2	5	4	10110011011100	11101010000011	10000100011111	0	0
20	1	2	1	1	10110110001000	01000011001111	10110111110011	0	0
20	2	2	1	2	10110011101001	11000110011001	11010100001010	0	1
20	3	1	1	3	10000011101010	00000000000000	10110010111010	0	1
20	4	2	1	4	00011001110001	00001011110011	00010000010001	0	0
20	5	3	2	1	00101001011011	01010001110110	00010110100101	0	0
20	6	1	2	2	01011010110110	10000000000000	00111000100011	0	0
20	7	3	2	3	00000001110000	01000010101111	00010011110011	0	1
20	8	2	2	4	00000101001001	01010101011011	01100010100011	0	1
20	9	3	3	1	01000100001100	10001101000101	01111111011111	0	0
20	10	2	3	2	11000111110001	10001001110101	10001010011011	0	0
20	11	1	3	3	10000100010110	01000000000000	11010000100011	0	0
20	12	2	3	4	11001010010010	01101000001010	00100011011111	0	0
20	13	2	4	1	00010010000001	00111000101110	10000010110101	0	0
20	14	2	4	2	10101110110010	01011111101001	01010101011111	0	0
20	15	2	4	3	10011110111101	01001010000100	01010000110010	0	0
20	16	2	4	4	01101001010010	10011011010000	11100001100010	0	0
20	17	1	5	1	10110111000110	11000000000000	01001010100000	0	0
20	18	3	5	2	00011111101001	10010000010101	00111010000000	0	0
20	19	2	5	3	11001110001011	00100011010100	01111100101001	0	0
20	20	2	5	4	10011000010110	00001010101101	11101010110000	0	0
21	1	2	1	1	11111101000011	11101110011100	00001111100100	0	0
21	2	1	1	2	10110010010100	11000100101111	00010111001101	0	0
21	3	1	1	3	10111110011001	00000100111000	01011100100000	0	0
21	4	2	1	4	10100110110010	01000101101010	10101100000010	0	0
21	5	3	2	1	11001011110101	00010011101011	01110011010010	0	0
21	6	2	2	2	11011101111110	11100000011010	00111111001010	0	0
21	7	1	2	3	00011001111000	11011100101111	10010000100100	0	0
21	8	2	2	4	11111111111110	01111011110110	11010100011001	0	0
21	9	2	3	1	00101110011111	01101111010011	00110110010000	0	0
21	10	2	3	2	00001000100100	10110010110111	00110111000110	0	1
21	11	2	3	3	00100010011110	00001100010100	01000010011010	0	0
21	12	3	3	4	01001011110000	10000001011101	00001101011101	0	1
21	13	3	4	1	11101011111101	01110010010111	01011001010000	0	0
21	14	1	4	2	10111110100110	10011011100110	01111001010000	0	0
21	15	2	4	3	01101100110111	10001100110011	11000001110111	0	0
21	16	2	4	4	00110000110010	10100100100001	01111000110011	0	1
21	17	2	5	1	01000000010100	00111101101101	00001110101101	0	1
21	18	2	5	2	00010110010100	11000001100101	00101010001010	0	0
21	19	2	5	3	01111000000100	01101101111110	10111001100100	0	0
21	20	3	5	4	11111101001110	00111111101110	11000110000010	0	0
22	1	2	1	1	00111011110111	10100000001110	01101001110000	0	0
22	2	2	1	2	10100111101101	00101000011110	00111010110001	0	1
22	3	2	1	3	01110011100001	01001111101001	10111111110011	0	0
22	4	3	1	4	00000100010100	01111110011111	00110010010001	0	1
22	5	2	2	1	00101100101100	01100110110110	10001111101011	0	0
22	6	1	2	2	00111011111010	10011110011110	11000110101000	0	0
22	7	3	2	3	00010111000001	01111010110101	10011111001001	0	1
22	8	1	2	4	00101000001110	01010001101001	11100010100101	0	0
22	9	2	3	1	11000011010011	00100110011111	10000101110100	0	0
22	10	2	3	2	11111111101001	11010000011000	10100011011110	0	0
22	11	3	3	3	10001011011001	11110000111010	11011101000001	0	0
22	12	1	3	4	01011100100100	01101111000110	11111111101001	0	1
22	13	2	4	1	00010001011110	00000111001110	00101111001001	0	0
22	14	2	4	2	10000000111000	00011001101000	10011101111011	0	0
22	15	2	4	3	11001010111101	01000110010100	10000111011001	0	0
22	16	2	4	4	00011001101110	10000001001110	00110000010110	0	0
22	17	3	5	1	11110000010101	10000011010111	10111011110011	0	0
22	18	1	5	2	01000101010110	01000101001000	10011101100011	0	0
22	19	2	5	3	10100100001001	10011101010001	00111101101111	0	0
22	20	2	5	4	00011010110100	10001001011100	11111000010011	0	0
23	1	2	1	1	00100000001001	11010110000010	00111010110000	0	0
23	2	2	1	2	10100111110100	00000101001000	10010101010001	0	0
23	3	1	1	3	10100010101100	01001110000010	00000111001111	0	0
23	4	2	1	4	10000111001010	00111011111010	11000011101101	0	0
23	5	3	2	1	00111010101100	00110110010010	10001000101011	0	0
23	6	2	2	2	10101010100101	10110111001000	11001100000011	0	1
23	7	2	2	3	11010010110110	10110010110110	00011011101000	0	0
23	8	2	2	4	10101010011110	10000000000111	10010011000100	0	1
23	9	3	3	1	11001011011111	10001111010001	10100100010100	0	0
23	10	2	3	2	01011010111000	11010110110100	00000000101100	0	0
23	11	2	3	3	00000001111011	00000011101011	11010100111011	0	0
23	12	2	3	4	01011111101100	01110011111010	01101001101001	0	0
23	13	1	4	1	00100001001101	10010100111010	11110011111010	0	0
23	14	2	4	2	10011010010100	01011010000010	10100001001100	0	0
23	15	2	4	3	01110101101000	00110001100010	00000000000000	0	0
23	16	1	4	4	11100101000010	11111101101001	10110110011010	0	0
23	17	3	5	1	10001111110011	01101011100011	01011100101011	0	1
23	18	3	5	2	01110010110110	00010110001100	01011100111000	0	1
23	19	1	5	3	10101000100000	10111101001001	10111001011111	0	0
23	20	2	5	4	00100010101010	01111110011101	11100001110111	0	0
24	1	1	1	1	10110100001110	11011110000110	10011100111011	0	0
24	2	3	1	2	01101100010011	00000100011011	10000010010010	0	1
24	3	1	1	3	01011101100011	01111000111001	00010000111100	0	0
24	4	1	1	4	10111010011001	01100011001100	11111111000011	0	0
24	5	2	2	1	01010011111101	10100000101011	10101100011111	0	0
24	6	2	2	2	01010010110010	00011000000011	11011010000001	0	0
24	7	2	2	3	01000110000111	10010000110111	11000110011111	0	1
24	8	2	2	4	11110000100011	00100000100111	00011100100111	0	1
24	9	2	3	1	00011100111010	10011110010010	10100100001100	0	0
24	10	3	3	2	00010101000010	01001101011000	00111011011101	0	0
24	11	3	3	3	11010001010001	01000001000011	11110011001000	0	0
24	12	2	3	4	00001101010000	00111000001001	00111011110101	0	0
24	13	2	4	1	01010110000010	01110100100001	11100100110110	0	0
24	14	2	4	2	01011110000000	11101001010000	00010100101101	0	0
24	15	2	4	3	01101111100110	11001101111100	10100010100101	0	0
24	16	2	4	4	01101111110110	10101101111010	01111101100101	0	0
24	17	2	5	1	01111001001001	00101001010100	00111111111100	0	0
24	18	2	5	2	00011000100011	10101010011101	11101111001000	0	1
24	19	1	5	3	10111001111000	01001011000011	11110100001010	0	0
24	20	3	5	4	11010110000100	01100111001110	00100001001011	0	0
25	1	3	1	1	01001011101101	01101001110100	00111010111001	0	0
25	2	2	1	2	11100100001101	00111001110011	10101011000100	0	0
25	3	2	1	3	11111110011111	01011101101001	01111000011101	0	0
25	4	2	1	4	00010000100111	11000101111000	01011000011011	0	0
25	5	1	2	1	00100100100011	11001101100110	00110111100100	0	0
25	6	2	2	2	00011111100111	10101101011111	01101010111001	0	0
25	7	3	2	3	01000111000001	00000000110101	11001101001101	0	0
25	8	1	2	4	00011000010010	10011110001101	10111110010010	0	0
25	9	3	3	1	10111010010101	10001001011011	00000011100000	0	0
25	10	2	3	2	00000001111001	01110101100010	10111100001100	0	0
25	11	2	3	3	11110000110111	00010110101001	01101110011101	0	0
25	12	1	3	4	01011110101010	10001001000011	11011011001011	0	0
25	13	1	4	1	00100000010011	10100100111110	11101100010110	0	1
25	14	2	4	2	01101000100110	00011010100000	01111111000100	0	1
25	15	2	4	3	11001100101000	00100011101111	11111010000100	0	1
25	16	2	4	4	11111000100100	11101001001100	01010001110100	0	0
25	17	2	5	1	11010011100010	11001001110100	10111111111110	0	1
25	18	2	5	2	00011111110010	00000110010111	11111101001001	0	0
25	19	2	5	3	01011010001000	10110101011000	00100011101101	0	0
25	20	3	5	4	01100001101010	01101111001001	00110101110010	0	0
26	1	2	1	1	00001001011101	11101100000000	00011101110010	0	0
26	2	3	1	2	00101110101000	11101110000001	10101101101010	0	0
26	3	2	1	3	00110011110110	01110101000010	11101000010101	0	0
26	4	2	1	4	10001000100110	10010011000101	10001111100011	0	1
26	5	2	2	1	00100101011101	00101101010001	01001100010110	0	1
26	6	1	2	2	00000001101110	00111001001010	01011001111010	0	0
26	7	1	2	3	11111001101011	00010110110001	10110010011001	0	0
26	8	3	2	4	01100110101100	01010111111111	11101000101011	0	0
26	9	2	3	1	00011010101110	00011011110101	11001010111111	0	0
26	10	2	3	2	10100110111101	01100000100001	00000110101101	0	0
26	11	2	3	3	10010110000110	01111101101110	00011110001100	0	1
26	12	2	3	4	01011010100101	00111011111000	10001001101000	0	0
26	13	2	4	1	11010100100011	10110100010101	11101100011011	0	0
26	14	2	4	2	10111000001001	00011000100101	10110011010111	0	0
26	15	1	4	3	01000000000110	11011011010000	00011110101000	0	0
26	16	2	4	4	01100101011011	01100101000010	11000110000100	0	0
26	17	3	5	1	11111001001001	01010000111110	01110111100111	0	0
26	18	3	5	2	00001110001111	10011001100101	00000010001001	0	0
26	19	2	5	3	10111100011001	11000100111110	10010000011001	0	1
26	20	1	5	4	00111110011110	11100101001100	01000011110110	0	0
27	1	2	1	1	10010011010110	01100011100011	01011111100011	0	0
27	2	2	1	2	11000011101101	10001011011111	11010100111010	0	1
27	3	1	1	3	01000010001110	11001110110010	10110100011001	0	0
27	4	2	1	4	10110111001010	01001100011100	11110110100110	0	1
27	5	2	2	1	11100000010001	10001101111010	10010101000110	0	0
27	6	3	2	2	00000111111010	00111101001011	10011110011110	0	1
27	7	2	2	3	01000101001001	10000101111100	01000000100101	0	0
27	8	2	2	4	00100110101011	00000100101100	10011001110101	0	0
27	9	2	3	1	00000110011101	10010011110011	11010101011001	0	0
27	10	3	3	2	00110010111110	10101101111011	00000001110011	0	1
27	11	1	3	3	00011001000111	11101011011100	00001111011110	0	0
27	12	2	3	4	01101010111000	00000011110010	11111100010000	0	0
27	13	2	4	1	00101101101000	01011101010011	00110010111011	0	0
27	14	3	4	2	11110101011111	11001101111001	11111101100100	0	0
27	15	2	4	3	11010010001101	11111100001010	11001010011000	0	0
27	16	3	4	4	11011001011010	10001111101001	11100001000001	0	0
27	17	2	5	1	10010111100111	11010000010001	00100111101000	0	0
27	18	2	5	2	11101100001111	11110000011111	10001110010010	0	0
27	19	1	5	3	01110110001011	01111111000011	00001111011111	0	0
27	20	1	5	4	10111110000110	00000010100011	11000111000111	0	0
28	1	3	1	1	00111111000100	01001101000110	11011101010011	0	0
28	2	2	1	2	10011100001011	11001001101000	11100000110100	0	1
28	3	2	1	3	01101011111101	10111101001000	00001110000111	0	1
28	4	3	1	4	01011000001001	00011010100100	00111011011001	0	0
28	5	1	2	1	10111100111101	00111011101111	11001011100110	0	0
28	6	2	2	2	10000010101011	00100011011100	11010011001000	0	1
28	7	2	2	3	11101101000001	01010001011101	10001001100110	0	0
28	8	2	2	4	10010100111001	00010000111111	00010001001101	0	0
28	9	2	3	1	00101111101110	01001000001000	01111100000001	0	0
28	10	2	3	2	10100010111110	01100001001110	10100010011000	0	0
28	11	1	3	3	01100110000100	00110111011010	10011001101111	0	0
28	12	2	3	4	11001000010001	11011000010101	01100111000111	0	0
28	13	3	4	1	11000100111001	10111011010001	01111110111100	0	0
28	14	1	4	2	11010011111000	00001011101111	00100111100100	0	1
28	15	2	4	3	00111001011011	00100010100000	11100100110101	0	0
28	16	3	4	4	10001011100001	10100100101000	00001001011101	0	0
28	17	1	5	1	01010100011101	11000111111101	00010010100010	0	0
28	18	2	5	2	01110000101111	01111010000010	01001101001100	0	0
28	19	2	5	3	01111110101010	11001001111110	10000100100100	0	0
28	20	2	5	4	01010100000101	11010101001111	10101011110010	0	0
29	1	1	1	1	11001111111101	01111011000101	10111100010011	0	0
29	2	2	1	2	01010111011110	01111010111001	11100110000001	0	0
29	3	2	1	3	11010100111011	01011000110101	10000100100000	0	0
29	4	2	1	4	01011100101011	10100111011001	10000110100101	0	0
29	5	2	2	1	10100000100111	01010001101000	11011111100001	0	0
29	6	2	2	2	10110101010011	00010001010010	11100010101111	0	1
29	7	1	2	3	01010000100000	00101111001101	11010011001101	0	0
29	8	3	2	4	00001110001000	10001010110111	01001100011001	0	0
29	9	1	3	1	01010011110100	01101011010011	10001101110001	0	0
29	10	2	3	2	10100010101100	00111010100000	00011101011110	0	0
29	11	3	3	3	00100101101000	01010001001110	01111101100011	0	0
29	12	1	3	4	00000010001101	01110001001100	10001100101100	0	0
29	13	3	4	1	01000001111100	10010001010000	10110110111010	0	1
29	14	2	4	2	11101001101010	10101010110001	11011011111001	0	0
29	15	2	4	3	01010111001000	00010110011001	01100001100111	0	0
29	16	2	4	4	01111100000000	10010110001001	01111101010111	0	1
29	17	2	5	1	11111110111000	10110110100010	10011110110101	0	0
29	18	3	5	2	11101000000110	10101110011101	00111100010000	0	1
29	19	2	5	3	01101001011111	11100010110011	11001101011101	0	0
29	20	2	5	4	10101000100010	10000000001000	10010110001011	0	0
30	1	2	1	1	00110011101110	01100101010011	10101000101001	0	0
30	2	2	1	2	11110001101111	10101010100000	10100001010111	0	0
30	3	2	1	3	00110011111000	00000010001010	10000101100010	0	0
30	4	3	1	4	10000100010110	01011100000110	11111001111100	0	0
30	5	2	2	1	11100110100111	11001000100000	00000100011011	0	0
30	6	2	2	2	01110011111100	11001011111101	00101111101111	0	0
30	7	1	2	3	01110110011110	00111010001010	11101110100111	0	0
30	8	2	2	4	00110001000100	10101000001100	10010000110101	0	1
30	9	2	3	1	00011101100010	00001001000100	00000011010111	0	0
30	10	2	3	2	00011111111011	00100111001110	01110001000101	0	0
30	11	2	3	3	11000001100100	10111011010111	10011011011001	0	0
30	12	3	3	4	10101100001011	11110000100111	01011000011111	0	1
30	13	1	4	1	10010011000101	11100001111000	00111000011011	0	1
30	14	1	4	2	11001010101010	01100110010111	00111000110111	0	0
30	15	3	4	3	11110110100000	01110001100100	01101101100010	0	0
30	16	2	4	4	11001011000111	11100111000011	00010000011000	0	1
30	17	2	5	1	10110100001010	01110001011010	00101011110010	0	0
30	18	1	5	2	11000101100111	11011101110011	00000011011111	0	0
30	19	3	5	3	10110000010011	11011000110011	11111001010101	0	0
30	20	2	5	4	10110100110010	00001000000111	00011111000100	0	0
31	1	2	1	1	10101010000101	00101111101000	00001001100000	0	0
31	2	3	1	2	00101010111101	11110000100000	01110101110011	0	0
31	3	2	1	3	01011110110010	11111000110101	10111101011010	0	1
31	4	3	1	4	11110001100000	00101110011001	01010111010101	0	1
31	5	2	2	1	01110110110100	10001100110010	01110110011001	0	0
31	6	1	2	2	00110011110111	10110111010100	11000010110100	0	0
31	7	2	2	3	01100100110000	01011111110111	00110101000011	0	0
31	8	2	2	4	00100110111011	11100101111111	01111110000001	0	0
31	9	3	3	1	11010000111110	01110101000010	00111111000100	0	0
31	10	2	3	2	01001001011011	01000110100111	10011101111111	0	0
31	11	2	3	3	00010011000111	01001001111010	11010011111111	0	0
31	12	2	3	4	10010000001011	11000110000011	00010000101100	0	0
31	13	2	4	1	00111111010011	00101110110001	00010100101110	0	0
31	14	2	4	2	00101111000110	10110001001001	00010100011000	0	0
31	15	3	4	3	01101000011110	01000000110011	01011011101110	0	1
31	16	2	4	4	00010111001101	01101010111011	00000010101101	0	0
31	17	1	5	1	11000011110000	01110101101101	10111111001011	0	0
31	18	1	5	2	10110100111110	10110111011101	11111110011110	0	0
31	19	1	5	3	10100000001010	10111101101001	00100001100100	0	1
31	20	2	5	4	10100000101110	10101100111111	00110010000011	0	0
32	1	1	1	1	11111001101001	11101001100110	00000111011100	0	0
32	2	2	1	2	10111001000110	01011111101000	00101110010011	0	0
32	3	3	1	3	00001011100100	11100011000100	11101000111100	0	0
32	4	2	1	4	00010101001010	01100001000100	11110011110100	0	0
32	5	1	2	1	11011011110100	11101101101100	10101110100011	0	1
32	6	2	2	2	11000100000001	10100001011110	00010001011011	0	0
32	7	2	2	3	11111001010000	00110011000010	11111000010010	0	0
32	8	2	2	4	00101111111010	01001100101110	00111011001010	0	1
32	9	1	3	1	01010000001010	11110001000100	00100011110000	0	0
32	10	2	3	2	00100111001001	01110011100011	00110111100100	0	0
32	11	2	3	3	00010000110100	10100101010000	01000111001011	0	0
32	12	2	3	4	00000010110100	11010001011010	10110110011110	0	0
32	13	2	4	1	00011101100111	01010110101001	11010100010111	0	0
32	14	3	4	2	11101111000011	00100000000111	11011100000110	0	0
32	15	3	4	3	11011110010100	11100110110001	01111001011100	0	0
32	16	2	4	4	11110010111001	01010011100010	10111000000001	0	0
32	17	1	5	1	11000000111100	00010000101011	11011101000111	0	1
32	18	2	5	2	01101100000101	00111101001100	10010100110111	0	1
32	19	3	5	3	10000110100101	00110100110000	10001111000111	0	0
32	20	2	5	4	01100110101100	10000110110011	00011111110111	0	0
33	1	2	1	1	00111001010000	10001010001110	11011011000110	0	0
33	2	3	1	2	00010111001101	10110110110101	11000100110001	0	1
33	3	2	1	3	00111010010011	11111100101100	00101001000100	0	0
33	4	2	1	4	11010110111011	11110101010011	00010011000111	0	0
33	5	2	2	1	01010100001010	00101110001011	00011001111110	0	0
33	6	2	2	2	00011101100100	11111010011011	10010100010111	0	0
33	7	2	2	3	00110101011101	10011101101101	01110100100111	0	0
33	8	3	2	4	01111110100010	11111110100101	01110100011001	0	1
33	9	1	3	1	00010100101101	01111100111101	01110011011001	0	0
33	10	2	3	2	11011000100010	11011110111000	11011110110001	0	1
33	11	1	3	3	10000101000111	01100100101110	00101010010001	0	0
33	12	1	3	4	01100001010100	10111111101101	11110001101011	0	0
33	13	2	4	1	10011001000010	10000100101110	10101010000110	0	0
33	14	2	4	2	10110001101101	00000011011000	00111011010111	0	0
33	15	2	4	3	00010000101101	11110000000000	00100110001011	0	1
33	16	2	4	4	00101000000000	01111101111101	01101000010001	0	0
33	17	3	5	1	10000100101011	00110111011001	10111101111110	0	0
33	18	1	5	2	00100000101000	10000011111111	00010010100110	0	0
33	19	3	5	3	10110001110101	01110000111111	01110111101111	0	0
33	20	2	5	4	00011110001011	11001000000101	11111110010001	0	0
34	1	2	1	1	11101001101000	00110100000110	10100000010011	0	0
34	2	3	1	2	11111110011100	01100000110011	01010111110011	0	0
34	3	2	1	3	11100110010101	11010001011000	01001110100111	0	0
34	4	1	1	4	10010100110101	01000111110001	11111110011100	0	0
34	5	2	2	1	01001110010000	01100001000100	01101111011011	0	1
34	6	3	2	2	01000101101010	10011011000100	00001001000101	0	0
34	7	1	2	3	10100000001101	10000000111000	10001110111100	0	0
34	8	2	2	4	11100001111100	01000011111000	01110010010000	0	0
34	9	3	3	1	00101101010010	00100101001011	11101000111110	0	1
34	10	2	3	2	11001001100101	11001000010111	11011101111011	0	0
34	11	1	3	3	01011101010111	10111011001110	10010001010110	0	0
34	12	2	3	4	11100100000010	10010010100000	00001101110101	0	0
34	13	2	4	1	11001011110110	10111110101100	01011101001000	0	0
34	14	2	4	2	10101000100010	01100101011110	10111101110011	0	0
34	15	2	4	3	10010111101011	01010101010110	10100101110011	0	0
34	16	2	4	4	10001001100110	11101011011100	10100011110011	0	0
34	17	2	5	1	01101101100001	00111010101011	01110010011100	0	1
34	18	3	5	2	00001011010110	11111111110111	00011100010000	0	0
34	19	1	5	3	10100010000101	00100011011001	11010110110110	0	1
34	20	2	5	4	11101011110111	00101011000010	10001111100010	0	0
35	1	3	1	1	00111000110011	10001011001110	11101110001101	0	0
35	2	2	1	2	11000110101100	00000000101000	00100011100110	0	0
35	3	2	1	3	00101011111000	11011010010001	11001110001100	0	0
35	4	2	1	4	00110101000110	01010011010111	11010011011110	0	0
35	5	3	2	1	01101100001010	11101001111011	01111001010111	0	0
35	6	1	2	2	10011000111100	10010111101101	01101010001110	0	0
35	7	2	2	3	11111111000011	00101011011001	10100001110100	0	0
35	8	2	2	4	10101001110111	01000110011000	11101001001110	0	0
35	9	2	3	1	10000001110011	11111001011110	00010001101110	0	0
35	10	2	3	2	00000100101010	01001111011100	01111011001010	0	1
35	11	2	3	3	00001111000010	10011101110100	10011111100100	0	0
35	12	3	3	4	01010001100010	00000011010001	00110110000011	0	0
35	13	3	4	1	01110001010011	11111101100010	11001100000000	0	0
35	14	2	4	2	01100010111111	01101101001011	11011000110010	0	0
35	15	1	4	3	10100100010111	10111110000110	01011101011111	0	0
35	16	2	4	4	01010110011100	01001100001101	10110011101010	0	1
35	17	2	5	1	10100010011111	00000110000100	01111100010111	0	1
35	18	2	5	2	10000000111010	01100010100001	00001111011010	0	1
35	19	1	5	3	11001100001110	10000100010101	11001000100101	0	0
35	20	1	5	4	11111101100011	01011101101110	00110110101111	0	0
36	1	2	1	1	01110001010110	11110000111000	00010101011001	0	0
36	2	2	1	2	00101000011110	00110010010110	10010011001000	0	0
36	3	1	1	3	01000001001100	10100101100011	00001011011100	0	0
36	4	2	1	4	00100100101111	10011111101101	10101001101100	0	0
36	5	3	2	1	11100010010000	10110001010010	10110001010110	0	0
36	6	2	2	2	11101001110011	11011000001101	10000011100111	0	1
36	7	2	2	3	11111101000111	00001110101100	11101001010000	0	0
36	8	1	2	4	00101101110100	10101010110001	10011110101000	0	0
36	9	2	3	1	01011111010100	10011101100011	00101101010010	0	0
36	10	3	3	2	00010000001110	00101110100010	00110000011000	0	1
36	11	1	3	3	11111001101111	01110110100010	01110110101110	0	1
36	12	3	3	4	01110000010111	01011111111100	00101100111111	0	0
36	13	3	4	1	11111010111010	10101101100101	10110110011100	0	0
36	14	1	4	2	00111101001001	00010011101100	11010101000000	0	0
36	15	2	4	3	00110110001001	01101101000001	10000000101101	0	0
36	16	2	4	4	11111101100010	10100110000100	01011110100101	0	0
36	17	2	5	1	11100110001111	11010000000111	00110011100111	0	1
36	18	2	5	2	01110000010110	11111000000001	11010101110011	0	0
36	19	2	5	3	01011111110100	10010001010110	01011001011000	0	0
36	20	2	5	4	10100110011010	00110010000000	00100101101010	0	0
37	1	3	1	1	00100110010101	10001000010111	11101111010001	0	0
37	2	2	1	2	11111010011100	10110100010100	01011010000001	1	0
37	3	1	1	3	01100010010000	01101001111101	10111000010100	0	0
37	4	2	1	4	10100010000100	01111010101111	01011010100010	1	1
37	5	2	1	5	11001111100111	01110011001101	00001000110000	0	1
37	6	2	2	1	00110100010000	10001111001111	00000000000100	0	0
37	7	2	2	2	01100111000111	00100000011111	10001000010101	1	0
37	8	2	2	3	00011011100001	11100001111010	10000001101001	0	0
37	9	2	2	4	10100111001010	01111011110110	11010010111000	0	1
37	10	2	2	5	01001001000010	01101011000010	00010111111011	0	1
37	11	1	3	1	01111111110110	01101100000111	00001001101101	0	1
37	12	3	3	2	01100110001101	10101100110101	10111010011010	0	1
37	13	2	3	3	10001111100100	10110001101100	11010110001011	0	0
37	14	2	3	4	10000110100110	11110101110000	00001010000000	0	0
37	15	2	3	5	00001011011000	11001100010101	11001011010110	1	0
37	16	2	4	1	11101111101111	10000100110100	10100001111010	0	0
37	17	2	4	2	00101010011010	00000011101100	00010110000111	0	0
37	18	2	4	3	01001011100001	00011101100101	11101100011110	0	0
37	19	3	4	4	01100010110100	11101111110111	01011110010001	0	0
37	20	2	4	5	11010110001011	11001100111001	00100110001000	1	1
37	21	1	5	1	00111010110110	00111010110111	10000001010101	0	0
37	22	2	5	2	10000000000010	01100011110001	10000100101001	0	0
37	23	3	5	3	01000101110010	11111101100100	10000000101010	0	1
37	24	1	5	4	11001011100110	10011100110101	00001101101101	0	0
37	25	2	5	5	00110010010101	01011111001110	10100110110011	0	0
